0.28374084347924194
0.29562241076157725
0.32242022347922517
0.3012203580035374
0.3009259771139288
0.28738897967169813
0.2899391193897501
0.29817797576535787
0.28999251300243567
0.28637247305263897
0.2977208994991237
0.30365482965453516
0.28851688406970444
0.29688688886760267
0.29638324438630104
0.2912805528541094
0.2925910829393421
0.2942623351413628
0.2985051519571564
0.29586286718411775
0.29818974526244413
0.3207100582017205
0.29839368243198594
0.2946014556572259
0.2960776161285855
0.2977723447495948
0.294416844317451
0.2913367898646701
0.3149565945055621
0.2915345815060796
0.2810106679405305
0.2943757371306568
0.29681639916927094
0.2975315892020846
0.3001095312741961
0.2881711332908764
0.294806213523834
0.3063718284358049
0.3241085601317686
0.29820306083547893
0.3004019473055951
0.28338576535084586
0.28829365347916236
0.2982920728533085
0.29341336626771797
0.2990467752004485
0.2898978162065105
0.29980158303696886
0.2963200442703619
0.2927630005996873
0.3092248003604264
0.2875936675533895
0.2953275164534461
0.3260495117882424
0.33215851863818413
0.28832277396389683
0.2849916190948132
0.699264699258752
0.2933232910039369
0.2977190768751464
0.29763906852007715
0.28145017026531055
0.29691113074335473
0.3001174519080618
0.2968487200577604
0.2870252541255635
0.29669150435168656
0.28742627698348927
0.29643916345027954
0.2967478105573166
0.29637334255277
0.7009746118901111
0.2905598754042625
0.2931460587108252
0.29363923362683797
0.29287847650940485
0.30513446466989935
0.2950285348472356
0.2934005633989694
0.2894198374586216
0.2964188745101505
0.2939170434259482
0.29610914656735143
0.2892860784783929
0.29902666725830873
0.29824975633983597
0.29468959540274076
0.2965707790844045
0.29562454210734185
0.293975065072975
0.2962031291938162
0.2993346153033001
0.29717139290036987
0.2998015367138089
0.29699519422098536
0.2980145099477661
0.2778992435488974
0.29230994753396156
0.29649638422864205
0.30433370736692594
0.3056378982340657
0.2838056341815506
0.29164667113844994
0.28533463400381726
0.28891863267735435
0.29288913500895836
0.2975869086496851
0.2989485979543774
0.29910548035236684
0.2997419661100074
0.28220360639829045
0.2894922740567772
0.2891608886124935
0.28556318610234177
0.2987396814843936
0.2976321213690667
0.31713839739564814
0.2850108602111364
0.3215663701968714
0.31253829403534583
0.3272552354137458
0.2840406039772925
0.29914585589871906
0.2974277145826976
0.2897766253812966
0.29813055829478335
0.2850168823189075
0.2895613253462833
0.3171669254421659
0.29216749881441617
0.32026258874109115
0.2879172916461196
0.3298218082005787
0.296686402823044
0.28465710275959394
0.2987131612876692
0.32837468392813307
0.2961921146267033
0.28164835675253336
0.30267615762398264
0.3021333239840359
0.29457998343557235
0.29996737884877633
0.29712114433195497
0.28582734343566574
0.29938192934216007
0.3195489881857916
0.29145178098110563
0.31362087012358036
0.2864091398244584
0.29018989461157546
0.31965375890994446
0.2946662828821237
0.2945967129485657
0.30202875691787145
0.2912652260299389
0.2869584289655588
0.2773821913822535
0.30337768083660704
0.2984139938248731
0.2989338584824452
0.2990733709761666
0.29480088225368833
0.29499569497535183
0.28418887427077066
0.31167685448258464
0.28657971014124234
0.29911868576265516
0.3020726142879388
0.29786636906409875
0.29119529287042056
0.3062707970993762
0.28706584694880455
0.2891384266982088
0.2982122189623075
0.29698734075957295
0.296409220917097
0.7008521745019806
0.299234755367673
0.29450971155887834
0.2928590679558263
0.2932461641704292
0.2994224728804845
0.29079118358469186
0.29371711759427743
0.29507199929644445
0.30442933007288525
0.29733887059043285
0.29523077286977273
0.29807789467364154
0.2850540224283306
0.28861059152293284
0.29690802983719083
0.2969063471231805
0.304181882629739
0.2950052021269415
0.295580458630214
0.29830766800390596
0.3076083686063085
0.29671739473693753
0.2963150605527699
0.29237565170408236
0.2926730524139686
0.2989056852220687
0.29470560795319317
0.3282090934535533
0.3045816157501801
0.3009895250383291
0.29637284478356085
0.2951687071572402
0.28485871667397233
0.3314312244054296
0.29352515644151406
0.29909770497839566
0.293546213889686
0.2964772984569097
0.28871398509015606
0.29829426265706144
0.2952556634337365
0.296457681965037
0.30565151703291404
0.29597935815452925
0.29741493337324426
0.29044972028808475
0.286731739589878
0.29813356155524656
0.29639777029801745
0.2942532890028126
0.28967251562882185
0.32153345427669094
0.29784344192404055
0.2935571351183395
0.2953775542415107
0.29869961377776316
0.2826542998003153
0.2985513729925954
0.28519929006371153
0.30522559232477253
0.2900564037372999
0.2957744594264386
0.3104391405625829
0.30480746034120293
0.2853803381849675
0.29760345268149246
0.29643160618358844
0.29805495228055146
0.33027637739260723
0.3195232210462231
0.2937801088869873
0.2937321307097763
0.2950658543431816
0.29678276715722346
0.29656556331862527
0.29749019370786595
0.2991338472391345
0.30816412761549977
0.29239197097941316
0.29466304067919064
0.31194353773762207
0.29637457159338015
0.3032900520431081
0.2923385534672968
0.2903474809042124
0.29460020297940903
0.28770034778123715
0.292064396352051
0.29120306495423465
0.29013929369222796
0.29156504318283044
0.29775933812517774
0.32013074847020107
0.29775175602546544
0.29821207808504663
0.2819126938582535
0.2880453156697433
0.2850047219278315
0.2956476916474877
0.29416720422126513
0.29912245510314345
0.2985201656569531
0.29209742374140196
0.29142607431082707
0.29708035613326617
0.29043495279026177
0.2899859529424874
0.2795630008414699
0.30118322509819784
0.2869358274067917
0.2974337916785471
0.2895244404574254
0.3301154415044494
0.2913057500737935
0.28814014025164814
0.286905341802875
0.2904128173395945
0.29812835725226666
0.29760083399554904
0.2903637004688098
0.2855353124971834
0.29822223430981915
0.3046766695295347
0.2847197338457488
0.29858120732762716
0.2948617889735906
0.29728436313834616
0.29475175684037397
0.29598457806221934
0.2988368481294676
0.2971158122868698
0.2913816278168624
0.7016376021620421
0.28974495838192593
0.28825761693407226
0.2951645628962508
0.2937284896268
0.29343140189828665
0.2921267882097115
0.2977092465692435
0.29859462786386415
0.28976499467215855
0.29656359269439825
0.2988836840515726
0.2934533041122775
0.2965287868377638
0.29420366874303705
0.2948806473799348
0.2981381890556941
0.30153414055885985
0.2957248294396278
0.29725607133547105
0.2976440540908692
0.29827147057682096
0.2949724169475892
0.2894765959117522
0.30042903053369213
0.28582476116804706
0.3028298769154913
0.29339742828685134
0.2974087622812165
0.2961034965421182
0.29953506804874547
0.2932301172969666
0.32707136342877147
0.29562440243342786
0.3300756983068865
0.3037752247109466
0.2893106041757138
0.2886989867374966
0.29901509125408665
0.2895121396457985
0.29393984058166356
0.2980445636627794
0.31404953501355476
0.2978035454018358
0.29666361610744335
0.29853892270725046
0.2962569543720264
0.29054264325261303
0.2960669019600239
0.29721343986613835
0.2974374610493714
0.28549914020835504
0.29419286217364177
0.297347594402543
0.304986290274892
0.29552418103270506
0.30287748202824405
0.29735203559693385
0.2994347579283308
0.2945040023582665
0.27979327005198645
0.29300592426583183
0.28601605779015954
0.2973881377751027
0.2963977926937893
0.29871258144690893
0.2931043752550522
0.2806748729963519
0.2936452300293516
0.29841915638738986
0.29763211543942564
0.29845465481019195
0.32164501159656866
0.29623034288549477
0.2908112048869028
0.2968769557928716
0.29826004084043967
0.29874258872107073
0.29693969968385675
0.2980059554832563
0.29838447374307164
0.32663876189072616
0.3104424922844871
0.2982612258706307
0.2970593681631292
0.29665761215537867
0.2981966212060828
0.328902998181333
0.29491381088699603
0.2842331392853703
0.2984366556891791
0.2982131669752279
0.28648260873266435
0.2980755567902413
0.2957105662785131
0.3022758151183688
0.29668663975324566
0.31019854666111796
0.3128653014998717
0.29322515997328114
0.2887544008040494
0.30282810551631734
0.29377367709119356
0.2920239577215736
0.2881465553593045
0.2941362413594716
0.2958399626399549
0.2958324411576266
0.29431243686426206
0.29318369089338103
0.2885536903230559
0.30013281409849735
0.29272593275814396
0.2974108404460727
0.2910337711436132
0.2932648080316044
0.28459604591005677
0.2951818779077142
0.2938565661432249
0.2967831075584642
0.28910333504575236
0.2984137395479178
0.30388620479575856
0.29530061513319233
0.2971503490749503
0.30116321890720715
0.2978785408940126
0.2941579987409311
0.30099925173938014
0.2944550268295322
0.2901641564574197
0.2945779999573976
0.2859205019185969
0.29654371988955697
0.2899193796098603
0.298536032296356
0.29673670272178554
0.2925643364978087
0.2881748302952218
0.29368245433724915
0.2968581892049337
0.2924811482864492
0.2838423247535958
0.2875819946014309
0.2819373281418502
0.2928605251171844
0.28933214123329365
0.2967190780048005
0.2943011243733642
0.2969071266824613
0.2922705523527501
0.30071727590686176
0.29300995386004663
0.29931675113388617
0.29652291985206675
0.28527419351828515
0.29637115622393995
0.29421791514837975
0.2984475701442007
0.29606478653467466
0.298417242187295
0.29167100504136706
0.29676674810599396
0.2907340000559348
0.3135564139833655
0.2977310634362212
0.296728961898684
0.2987322762480175
0.29348476519064925
0.29301151656456376
0.30350258012344855
0.3019127456798907
0.2983819554848722
0.28016870200617194
0.2968546920716144
0.28692999658083884
0.28717263313085545
0.28790821700851793
0.29012293369968734
0.29791049868261116
0.2848048972556068
0.2963578542198469
0.2819496238970028
0.29486379030948284
0.2956339219545513
0.2975356605580932
0.29993503722772086
0.2939060454239772
0.29783890281758296
0.29583155073730216
0.2977574058587241
0.27837790118480227
0.28748225073231326
0.7001184074317479
0.2959446097904565
0.2968116031632142
0.29276303184425
0.30237672264777404
0.28708702635188904
0.29859567228662487
0.30320971142410136
0.2896588664339365
0.31415654245705066
0.2948079479196562
0.28712765315634287
0.2852073563022973
0.2958556568504981
0.2989212482192201
0.3027151485871046
0.2924044257123024
0.3086315913654902
0.29377468839514276
0.2988434719285215
0.2866939368085354
0.7011799815752562
0.2914713165511585
0.29528110941015967
0.2987848350286038
0.2875915476249544
0.29269858322300746
0.29598241024730276
0.29755039308730596
0.3081814035977675
0.3109102868858588
0.2869427082924615
0.29388961113198586
0.29725199139268355
0.2954344648786965
0.29781342567216135
0.2977228131494217
0.2980983126991409
0.2930957872177406
0.2900270125632862
0.2970222942922786
0.29745857416112464
0.2977078985363975
0.32069542531143747
0.30935312961480305
0.2903378095568028
0.3080727200737043
0.2893802299615395
0.28985999117489425
0.28992545618825116
0.2909682870440561
0.2969510319774174
0.3190523496003776
0.29615500474976536
0.2943330230115183
0.2965480321563226
0.29864617489176437
0.29836182585054216
0.2952571789411481
0.29126216301847363
0.29633680361645665
0.2978018317415191
0.2976995530396703
0.28747607855295415
0.2958420980208185
0.29776983990411265
0.30550368017952584
0.2989428129028551
0.29640924732649243
0.3058637238049878
0.29365275197919577
0.2967616444961286
0.2885324786639619
0.29774976852572055
0.28939840641435277
0.29831096025627774
0.2901813728627452
0.29875376484142535
0.28576418627251676
0.28975722567942214
0.29688346925602715
0.2962141297922869
0.2952877930363859
0.2983735452674151
0.2971759730652617
0.2971925470120496
0.3103091090287215
0.29147884341705904
0.2952672073696428
0.2986871813456436
0.29310562704456034
0.2961447077227744
0.2890648206954498
0.2919546159908783
0.2984504933655864
0.31350518327041804
0.29599491749943435
0.29687230329241515
0.29464008246955387
0.29090739573605984
0.29775545841652956
0.2955992449495863
0.31826846713202545
0.28979871477864805
0.29438706051578056
0.29575566984777013
0.2966471755715902
0.3025593292155137
0.2970958587337306
0.28845133234720244
0.28838067081447816
0.29556893913820287
0.2966963439864375
0.2920743431690046
0.28807559860020976
0.31376763272844954
0.3449745336267501
0.2992155556765116
0.2962035031928554
0.28922080298295355
0.29677169277600807
0.283770644254552
0.290027305417845
0.31258407780887965
0.2966942014291168
0.2855995702284711
0.29778179784985787
0.29917475066410376
0.28476314899429434
0.28701102884163926
0.30431456045789973
0.2957939960811863
0.2891694238555284
0.2951350565226576
0.2922434511512571
0.30118940681663536
0.2891743070061005
0.2937270188568121
0.29871423350131804
0.297437211951157
0.28538043331196195
0.29345659936682844
0.7000822904236045
0.3027420925767303
0.2844271182769903
0.29164531019982765
0.292829091261724
0.29784468139499753
0.2922824390782102
0.2881759323200767
0.2887070278488452
0.28912402944414856
0.2887625374020854
0.2880842752691343
0.3088228540317998
0.2988270743721466
0.2891681242040969
0.29748891692458984
0.2793479819099605
0.2979438903636214
0.2975612306702508
0.2996052096403579
0.2844069196133705
0.29545144849242994
0.29071467491922826
0.2990333014029332
0.2980280288867609
0.32522581924212063
0.29420323301985474
0.31479120695262747
0.29396007640184524
0.31412571668006256
0.2928029837893005
0.29733761948040827
0.39487999458307044
0.29022507824998317
0.2957440912157002
0.28887323030719375
0.29343646928427075
0.2928542573306302
0.28947918299041636
0.30430081348359367
0.29829896295497205
0.30496501988097496
0.2912923580823187
0.2989969879721832
0.29446848099126377
0.29722055590717
0.29730332931882564
0.2977922162466725
0.2966128078355926
0.2975919612445653
0.29719057484270206
0.2897696368343466
0.30917333748023074
0.2950039475496244
0.2795834799959008
0.2968183644973113
0.298636957956264
0.2833004572262021
0.3145989401808912
0.2986481302211166
0.2932894845591995
0.2921786986144724
0.29753656748071744
0.2921819396189371
0.2924711822259769
0.29314600189511564
0.2978816083767722
0.3097407945308653
0.2960564227647966
0.2903412831089469
0.3092563763056426
0.2976963961319935
0.33658953999940716
0.2975954074841117
0.2937746573716124
0.29801922658145436
0.2896185410497288
0.3011233003173707
0.29727139628559374
0.2892342336358772
0.29549450759112567
0.2965328996520267
0.3035646179953834
0.2862426124788367
0.2906814796437352
0.29677800840382407
0.29017184451060035
0.2989556542741455
0.2908006731410807
0.28372491639040043
0.2974338334706877
0.2930398390911687
0.3140535249913333
0.29755134228154595
0.2919057386817751
0.2917533485011399
0.30490749626373564
0.2979977254475409
0.3011853360775647
0.2869227758913654
0.28496768957676905
0.29003191100078196
0.7013549019831404
0.29578708298472667
0.2994735968818816
0.285339772274835
0.2969361922680659
0.2877965010725341
0.28680442612316503
0.2930839656324797
0.2890445925829618
0.28548300103499874
0.28941793438227686
0.2834009094330002
0.3050945608841456
0.29834012902803025
0.29244463939591797
0.2963651353498929
0.2810157914907813
0.2981491326762712
0.2958283955279998
0.28710121720127413
0.29914443388085127
0.2963789400302207
0.287208207598601
0.3010045847162456
0.29741356696232535
0.2982582783344712
0.294811378085913
0.2959880675846563
0.2968862574316278
0.2955259023312039
0.2957482453896202
0.28806308748482534
0.2793959357474761
0.2968387571071608
0.2850660963329011
0.30493496595304637
0.30180872299485056
0.2969500553468977
0.29469959693007175
0.3038317571233286
0.29127735270760957
0.29635342650021995
0.30270368546001264
0.2983656586039581
0.2950420224242404
0.30856327862697186
0.2908706183826895
0.2942951757244909
0.28896486423411066
0.2901516847595586
0.2973481039149978
0.2918098932445953
0.2976815985748683
0.295679035530196
0.2894990198293153
0.2973918245882716
0.29737047748175527
0.2967233587253543
0.3105459258738313
0.2967111872059709
0.32782410075308227
0.29876765896194957
0.2903376374334361
0.29816226035772136
0.32580311327736117
0.2943081017636696
0.291280371573085
0.29315951207161306
0.29932535725068726
0.29554285222532206
0.2801214136410561
0.2878013221564788
0.29577253750261734
0.29677650071075157
0.29609750389658224
0.29368749613413686
0.29783003806089825
0.29853504399064457
0.29458172348109324
0.313466987091079
0.306556162900313
0.28814815900123897
0.298290821326793
0.28581878134451844
0.298106025977132
0.2986829895258648
0.2991611478060783
0.3043865491539478
0.29549856120174817
0.28675006863589
0.2958389805763972
0.30159380911807315
0.32821170344194955
0.29681204255714133
0.293895365979194
0.302889870780307
0.2996603973074922
0.3078098403785519
0.2961365724106537
0.2984918425622637
0.2962660738054348
0.2877788562001617
0.29692792240840304
0.28667636296216875
0.29231020216600795
0.29479258523749324
0.29282541511776394
0.2880171111754729
0.29389271411577506
0.2995911754831851
0.29757997868978164
0.29217452611183087
0.2869951764011607
0.2937969655922864
0.29940691756753846
0.29796776711883505
0.3189380280235953
0.30022006437424775
0.29365759960067755
0.2939678088145715
0.3025335034953667
0.29473667868314196
0.2974142005206583
0.29308842270710417
0.2973119822184295
0.298388716603892
0.2990839853329344
0.29579367033657344
0.29326177106135226
0.28770745568222184
0.2833461429072132
0.2896209023809144
0.29695152000531666
0.29920120754582347
0.2892987534159273
0.2970332907791288
0.2940537833694867
0.2955381943829846
0.3000799975181953
0.29536726572336625
0.28991593170093954
0.29298593266134176
0.30244314621944995
0.29396926067212026
0.29278735583650567
0.29196764072306014
0.28411996315788135
0.29857351671241955
0.2977985519704752
0.2999465398653215
0.29742724930485603
0.32337124661478467
0.2820315767719086
0.29452963962291756
0.2957314226289414
0.2797512679393129
0.29574449200411634
0.2957592715154037
0.29458444854616295
0.29606365036597043
0.7017653319755097
0.2909695824961166
0.30143002937156244
0.29340694905420756
0.2983871167373651
0.29318209964113545
0.29841329117676885
0.29011080164778974
0.311490572809847
0.29270274192656975
0.29739618135380075
0.2893898017750924
0.29494840274726297
0.2955516377656216
0.28939612375893675
0.28554084095919136
0.2861149921178181
0.2882297141622662
0.296257726726717
0.2946922541741503
0.2840146056477503
0.30772965255100376
0.29646939537344497
0.2935118914773413
0.3168229264803265
0.2989937729523135
0.2969421211461622
0.308097950665825
0.2955167522172271
0.2987665587999366
0.2980685340969376
0.29897845907757936
0.29780823123758005
0.2955762377631936
0.2974117172391996
0.29518999574093385
0.2980230316091162
0.2976231740719835
0.294320667032649
0.29750640422279406
0.28791873323252176
0.29069221615488655
0.28993377609030674
0.31860161982304097
0.2987810725780666
0.2939940846133194
0.29824753459876135
0.2960048729244727
0.29843180525762436
0.28540744801400575
0.2923778831255614
0.29166920263419566
0.28763723360410737
0.2907693076550108
0.28381661246787504
0.2888471949790445
0.2972285622673798
0.3264110160951321
0.2926251407683219
0.2886700768538432
0.29985713631042393
0.37850703466497887
0.2992851032376369
0.30109167734631526
0.29443217894553114
0.29282298726359784
0.2878935389905804
0.2890038357452672
0.29540208865726414
0.2902816019419378
0.2994433904464528
0.2926927097750107
0.29798098036869175
0.3022356829329159
0.2976690460175632
0.291667532906366
0.2982436554494207
0.2890028670814244
0.33205181331212913
0.3072411752594186
0.29102994499622015
0.3115210164060676
0.3037942002797182
0.29604990531413816
0.2988002729418048
0.2985765202586597
0.294898711285559
0.3206184554668167
0.2862674270638444
0.2921045509869547
0.30634529066727983
0.304951298330312
0.2952291326606189
0.28772443380554713
0.3018157910146905
0.30230508155432795
0.2942394081221544
0.2914001027356606
0.2860607373582997
0.3104338154076145
0.3053433640235676
0.2953994011679319
0.31255666526816783
0.2938298809481716
0.29304573012820523
0.2959982684642086
0.28989562264734176
0.2986115008194094
0.2948577170501952
0.3291824887388164
0.29869127524858435
0.2896261101550805
0.2823874581256413
0.2950417612403081
0.29902904931936974
0.7002147205422447
0.2918230198918532
0.29064647097204716
0.28932535458223685
0.2980538004375286
0.28911058287908037
0.28546656722106195
0.29857238616252096
0.293204895557773
0.3015850018829827
0.29778221157581025
0.288111479633483
0.2992767730188985
0.2993735267099503
0.2911509274968071
0.29761163821769954
0.2982870080774294
0.2898928654875448
0.2976874556693115
0.2926655471249088
0.2957768536799418
0.3070816982921226
0.2982528712949318
0.29886906310593225
0.28982770247564893
0.2903787895736805
0.2975834058318515
0.29360660639663627
0.284236981734802
0.2917641697900477
0.287754639954764
0.29302362996827847
0.2914121210276805
0.2864695059426173
0.29694342536134527
0.29710154382395937
0.30258903022268074
0.2930163553589509
0.29974352491524325
0.2952722929332943
0.29744474214708355
0.29869208540911696
0.2949826088629609
0.2889451588227034
0.2965376718054063
0.2898693060477375
0.29558186460703584
0.2994177531368453
0.2930275547674844
0.29367656287570904
0.2990315950374599
0.2875669773027039
0.31749935752235425
0.3055577370148973
0.29898917779544687
0.2957062929472353
0.32331900207551173
0.29520314102025447
0.2905224841606679
0.2848671570793537
0.29647220727965695
0.2972227910016945
0.3027633198169557
0.2971691690560152
0.29973409661862116
0.29685708928638954
0.2954743682834335
0.2878782342568144
0.2979921570653216
0.2972440542276693
0.27708643912530945
0.29789551533529673
0.2964435099743184
0.2994532451045094
0.30073066420638533
0.30509145740165944
0.2992788471393022
0.2972853912065913
0.3221322655972117
0.29675671223998623
0.2993053186673703
0.29688482100778635
0.29933063131447685
0.299572515443738
0.29918396093476674
0.2995468079459001
0.2975392916982158
0.2983281222916807
0.29348438922667275
0.29817214185554486
0.294547630410647
0.29709291257116727
0.2986696113509703
0.29734404212308607
0.2947591060583043
0.2950051699774746
0.29752521529893167
0.2963913415279562
0.29276163691080964
0.29366763182897093
0.2939440342679411
0.2945251386802531
0.29500733494697634
0.297517982957643
0.3091877761256406
0.2932669687193086
0.29837614863221806
0.2815375741803065
0.2923997269466755
0.29831149955594877
0.29898817114193643
0.3197617067743257
0.29916904748409406
0.29720444791976375
0.29318914893020237
0.3001996611600995
0.2887795310398213
0.295084317823615
0.7002375355578734
0.28488165582368397
0.29773428896975046
0.29812603315783764
0.2968971913987851
0.28860750536008534
0.29512451444302623
0.29008679870295906
0.294510586080762
0.2921023723832487
0.2918482203240105
0.2968724275668036
0.30724817896207723
0.31049870335098556
0.29379912276913955
0.3100738193657386
0.2892093617027674
0.29817129103516343
0.29328359537163723
0.28887592378482513
0.2984864914283573
0.3011764456939705
0.29241754469030334
0.2932412831464118
0.29923298668383563
0.2911870329721586
0.30645956454555856
0.29552023341120437
0.2983479217566578
0.7009757005400487
0.29752992912234105
0.3084072886662321
0.3204027526696227
0.2924366366405508
0.29883290239424226
0.2947378268339508
0.2977284362680982
0.2842259401498581
0.29836660255579633
0.2862985556508637
0.29614657474665357
0.28822670621383434
0.3125696380565587
0.2839795104728257
0.28526511984134895
0.2972323556496888
0.29621802504336014
0.29567188184949494
0.2963187128198763
0.29570101879489186
0.29278500713686884
0.29484780946497385
0.29536308586182686
0.28960036453732074
0.2948197881794673
0.2855450087583154
0.2959208557053162
0.7014104712460668
0.7006045320472393
0.29645008216020724
0.2937459945113579
0.2988676597820261
0.2907957655113467
0.3064180155019452
0.28998810506369965
0.2922436301061298
0.2877496870826895
0.2941105227914627
0.29904671701338614
0.27798964622199424
0.30514763850731674
0.2925933527304929
0.3378878069939425
0.28186800437066767
0.29874125113906386
0.2965705049240048
0.29565028383907777
0.2988127141774143
0.29255621874195736
0.2992923997680753
0.30040836604367444
0.286757691130025
0.302640248789792
0.293148621421239
0.29144682025269586
0.29199156062720194
0.2976183158082884
0.2942637323197542
0.29069732294246237
0.29385305471669
0.2917961968843788
0.29683012791684815
0.29100412236443
0.28266589443096357
0.29777285932065234
0.28844815977527977
0.28988016481994094
0.3180466783897446
0.3209892835231323
0.29792721137292427
0.2834639856589889
0.29567133380476424
0.28858449196247277
0.2940570153197715
0.2877077365404416
0.29702205051306
0.29808834557399716
0.29857842945347357
0.2990217634284792
0.2942195979188456
0.29952116717398686
0.2982589775756428
0.2888799837108807
0.2985725464983279
0.2971015107069606
0.29631358928727447
0.2959945984968155
0.299252607544119
0.28784549756921846
0.29615886277962306
0.2918256241912563
0.2994301172392993
0.30380417346114896
0.29830687509253767
0.2962022990206042
0.29423810374958953
0.3128078677510362
0.29604563547945945
0.29832206459071947
0.3096787621624041
0.2921588816826732
0.29741173447856056
0.2974389244522835
0.29577448402420287
0.2959503760457196
0.32623203086267394
0.2931752476827343
0.2980652308943748
0.2906529006898975
0.2931906691401605
0.2773903905935956
0.2882953526424151
0.29932521634500514
0.2991640643049918
0.30684074839608266
0.2950797897896527
0.307990844394002
0.28487384328258597
0.2924171604199301
0.2968256693352142
0.2964063746640389
0.29272198596335863
0.29708868678116523
0.2998501459814913
0.3377303000869596
0.30003407362059276
0.29245310573863625
0.2967054759129797
0.3043848351938174
0.2939980566726002
0.2856152740334417
0.3164432623358538
0.2879664225250581
0.2970176059944351
0.3424534832489426
0.2975114881124215
0.295732331858552
0.293424228585931
0.29451167654909766
0.3071871021562861
0.30936801775823036
0.2976791378382974
0.29610288317637073
0.2983353362166488
0.2987006839820056
0.2899340751984743
0.2930460463418008
0.2910158079304965
0.2962074700948099
0.3064177562203021
0.2975223759277319
0.2889355594296958
0.2987697133364132
0.3050123802523522
0.293320761845504
0.3179657640338781
0.29332908151338916
0.3173225877788841
0.28206419807118444
0.2959292612466716
0.3207954612195032
0.30817186688785564
0.29617721260902136
0.2941368383846338
0.2935693354813608
0.2953990734479536
0.29079629986476563
0.31246039130297687
0.29063370770480673
0.29438787018161466
0.29253747646965217
0.29867118855697317
0.29702623983548093
0.30961541286122046
0.28698729454996946
0.2947945642822851
0.29950385487354586
0.29761287799925157
0.3119614206633421
0.29738193024724296
0.29214348893166237
0.28631822598084106
0.29500980627612544
0.2919749141206065
0.2870712204713507
0.28144161256791855
0.2968625362082752
0.29670754576103037
0.2970515036406408
0.2981248156857202
0.2991519173807738
0.3004733149486154
0.29232393350872815
0.30023636744388077
0.2978400324901984
0.3033675765576839
0.32888529792154403
0.31516183109233104
0.29053988692446336
0.29028457029745935
0.29794579081765976
0.29698245599709977
0.3012570328939235
0.2953081227378843
0.31608045495322123
0.32494870244936214
0.2991222635869574
0.29824041855703426
0.29223536983676873
0.285858785055286
0.2955636349484952
0.28805269663983313
0.29945787312278843
0.32699464908544645
0.29777681414595214
0.2901774944785016
0.2865262326965037
0.2919622513050909
0.2960101462188539
0.3113880315000196
0.2949947712652277
0.2858450475628251
0.28592466658876453
0.2929763441720415
0.29362933982252376
0.2952320829545703
0.2978074230381662
0.2968709797253835
0.2927655976528309
0.2852152938840402
0.30198153754188506
0.29867640048649124
0.2942088067660792
0.2900473348957468
0.29889883537530243
0.2901502566937984
0.3084778568038953
0.3033028866496944
0.3085116149912683
0.29286069130970627
0.2980463305747326
0.29814603763857006
0.28499047667030986
0.298803707919807
0.3404493688049644
0.29207481232742905
0.29160576778280284
0.2859334525232143
0.28857942475545245
0.29813743372539003
0.28636835043976266
0.29774142735022374
0.2859249508245346
0.28686247293265255
0.2996869905356838
0.29586946871043507
0.29793849676170764
0.29851603608330896
0.2973838392251564
0.2862877285845289
0.2956590021417773
0.29446666848732805
0.2990457517208746
0.2989825423043022
0.29144612763725036
0.29906445119549396
0.297342265363992
0.2957661428102503
0.33668247597203715
0.28878557079610845
0.2977635742396806
0.29525345762870564
0.29739067159802907
0.28878382746505804
0.28812625705780687
0.297984500769468
0.2982726923289678
0.2953027850839194
0.2950811668433486
0.2979093052338725
0.29834187127866024
0.29234411674949573
0.29720289864130345
0.2970566497940525
0.2887474994242879
0.3187180536980018
0.29124349548921896
0.28225843424217767
0.2886987921637156
0.2812123041425029
0.2879906938407808
0.2954947275846054
0.2977506365425191
0.29864220348795456
0.298757164688162
0.2817315303059177
0.2933011388296297
0.2987719086516639
0.28924148496031826
0.304374387403555
0.29542640685906413
0.29791380177355475
0.2973305304640527
0.2949288684828164
0.29771520020172576
0.29110146703802753
0.29945912813674336
0.2874331755201106
0.2926246687536298
0.29657572112229136
0.3403241528913176
0.28675355743556774
0.29786668277200784
0.323367231934661
0.2984756294881078
0.7009944641561389
0.2938298720595457
0.30707540249682613
0.2984659135547485
0.2985028005860788
0.2957879741203274
0.2912147040371767
0.3342258888648534
0.2925689055592275
0.29356359409875554
0.28574786233912525
0.2925521322474935
0.2992319927315949
0.2961847196846691
0.28779450632385273
0.29910195339615814
0.2982978650136852
0.29534789206653284
0.28929870596965085
0.2969210388402906
0.286509676260958
0.29896856950173606
0.3001535079528264
0.2961464004645731
0.2912344195294843
0.29342520439197495
0.2907182381272469
0.2906507107725542
0.33972119457241257
0.3335915510636157
0.28599262157236277
0.3202934209807413
0.29401223886649674
0.2952338034995469
0.29219519215632134
0.29583479427195264
0.2969362565841475
0.2968934811725796
0.29840048092101934
0.29410193253834216
0.2998110874997202
0.29668678148120803
0.29719245275581063
0.2940542580036479
0.2985067726267561
0.2979213250450381
0.2979083831772911
0.29594228397486244
0.2992763650463793
0.298590086717504
0.2916928772904964
0.2981029305864286
0.31226007625011676
0.28135500116290385
0.29152603304229185
0.2946571653924771
0.2959150250930857
0.297279696044193
0.29900675144008365
0.31357009442283
0.2903965907009651
0.2912572951929676
0.28834292386871363
0.3000846060789943
0.29085036408521414
0.2907480716157977
0.29692919184505473
0.3073825797597676
0.29851894210095853
0.29806149931285025
0.2991266147274874
0.28832943901460206
0.29694007624270774
0.29612441284290364
0.30074135541889174
0.298470813685533
0.3106400974187924
0.30275008492141936
0.2882210629008233
0.2875753095718304
0.2968549915954105
0.2950161796995139
0.2971782625667562
0.29076377467328535
0.29127177749936434
0.29907299639830043
0.29895880978458206
0.29884246841166634
0.28971419574537843
0.28957710743658027
0.28559334935979636
0.3003309853949011
0.2907069391343197
0.290473067202605
0.2964117143436098
0.29092739725623284
0.29628996344672165
0.2895546954063816
0.31704693594221683
0.2988726539368423
0.29511448379554633
0.29862338712643316
0.2975789541137235
0.2973637799582443
0.2964715488527276
0.2855248427472319
0.2969343163453987
0.29778112843671134
0.31926101336405377
0.29277681142178663
0.30984197351492143
0.2984354398162754
0.2918258635919278
0.29579284476771756
0.2937450540201166
0.29356024891574417
0.2980276190225861
0.2965815337247527
0.28709614508329967
0.2894606975714123
0.2983690662645211
0.296837744599021
0.3059060207300266
0.2893297349393087
0.2952732304907413
0.29000802293863726
0.2975215603654713
0.29565801894164623
0.28677735932391907
0.3000636834897815
0.2940140158583237
0.2913641998937378
0.29612011096491925
0.29511678210016695
0.2861707198058155
0.2929138244070684
0.3301679383868108
0.29229115635380865
0.29793269526650007
0.29016671088342927
0.29016002755062503
0.28785749165100555
0.2974802390315004
0.6999714879709936
0.2925746847127239
0.3250522607917786
0.29840682135837004
0.2949113540654142
0.2972473425594069
0.2966827167733361
0.2769362571079758
0.2873661303456942
0.299273169744696
0.2991285773283334
0.7010530237853513
0.2947145693397888
0.2971864185361705
0.29845510326288294
0.302097501366675
0.29085295197605016
0.29684565411464214
0.29021832475407167
0.2932821292082256
0.29717375902465404
0.2862080146777934
0.2969735778912024
0.2996125640085491
0.2989460986371514
0.29642545829745903
0.28456660845566994
0.3018911700235351
0.2983160686536991
0.30337193391376266
0.28968528652923975
0.2914490652743104
0.30724071247561324
0.2965062383281048
0.296566400729701
0.2937742527779172
0.2996354004754726
0.7008265107736364
0.2926545233479812
0.2942570159463812
0.29891278912736424
0.2826730414071048
0.2996528368353545
0.29682129151556597
0.29609409512551776
0.3060076145422649
0.29507605219922345
0.29653110715808956
0.2983445779311003
0.297116629872213
0.290275993759121
0.29885562668245264
0.2840628199466071
0.28538343387129755
0.2967750679722236
0.3073713263120505
0.29699604248341466
0.2900380825822433
0.29980302676993154
0.7014278773750834
0.2893762053558745
0.28823234817036575
0.3193652780126293
0.2983149624198682
0.28515251548600473
0.29447108671998473
0.30830623521059486
0.29191695427686953
0.2930820910362593
0.299114681954115
0.28948463755985876
0.28961568824971573
0.2920641028228944
0.29416404639867727
0.2955498028489438
0.29697794995324156
0.2989650179024338
0.3042049466041
0.29615702602773286
0.2992280827754683
0.2859830145706651
0.3049807830683962
0.29868186517882345
0.3059987938258048
0.3069960469989646
0.30561687074425326
0.2984983341103521
0.2973696672803142
0.2801132559470847
0.28922762856816475
0.2852599300035449
0.2936768559857642
0.2981620777378288
0.28704221349081566
0.30313382643820186
0.2859028874290943
0.2844797172799409
0.28366081001671883
0.28881656874471284
0.2878083131851817
0.6995614116432629
0.28912819437497783
0.29096586956382386
0.30498747936849224
0.2938074674780969
0.29533318208182785
0.329070733249043
0.29965193612169155
0.2846509215792261
0.2851849198711048
0.30558764898298496
0.2882656875583909
0.29373894719636173
0.29878492032107723
0.3069771086504762
0.2848183378117647
0.28991462966263326
0.29499193298314486
0.700645150154255
0.2849597576628133
0.28563134808015966
0.2933726791448567
0.3317826455470145
0.290818191723625
0.3283305978999528
0.29456896657624315
0.29630674705568655
0.2990156770287224
0.2968183923978333
0.2971132983996404
0.7013420602817322
0.2978908595315319
0.2995811132402985
0.2975036436594314
0.2833185461130322
0.292490367572997
0.297760181630628
0.7011098333763611
0.29138522045656656
0.2961185210406595
0.2951629690293798
0.28868092512254606
0.2942725422497208
0.29201698163617146
0.29811976849534283
0.2967648535604874
0.28245053882096655
0.29814617439225966
0.3542796447348934
0.28548057809354177
0.305140058810259
0.2956397181060908
0.28879714404628054
0.2926543475211633
0.29851084490842883
0.29667338614538163
0.2920759211019516
0.3270326512699798
0.29857159800446154
0.7009327611465431
0.2987865768548627
0.2981576948280809
0.3104189841456957
0.29871236504938736
0.30523003569804097
0.28719237405222303
0.29846645594229787
0.29031937890402737
0.29505522021211505
0.29673596257440926
0.29199533443263476
0.2933262838184131
0.29644378330780063
0.29901385820653753
0.2931953960152459
0.2849528855665752
0.2996078346393236
0.28924424945799515
0.2885642770637479
0.29565781235901734
0.2865245589404324
0.3247328733524387
0.2915662008411657
0.29961283988450055
0.29258624838652786
0.2983371110945278
0.30620214656746764
0.2960545097836218
0.29755397376763515
0.2984091283503092
0.30445928987098697
0.29840469172409767
0.2973781692441659
0.297799075492763
0.2960618962928207
0.2866952719561771
0.2867413830224099
0.3049042406710359
0.29581331056467786
0.29351021723476395
0.2975277662011539
0.3028228912544176
0.2964933383796566
0.29093238698686885
0.3066801186328329
0.2988139031871596
0.29262484827019697
0.3018718217776672
0.2967261957267411
0.29994974842192934
0.28635586262439894
0.29778011405347093
0.2985938086727601
0.2851297589064463
0.29813951999058186
0.2949256755532067
0.29328455958506616
0.2997817265695028
0.2783691660396623
0.2971529879289808
0.29222007789031285
0.2908148751533125
0.3016186419172803
0.2987963939074
0.27718352635421445
0.28896295994016286
0.2981140803437677
0.29009521890682066
0.321863414030103
0.29249763423790365
0.2957178518495713
0.284708482848052
0.2976780908274715
0.29701723009709813
0.29459627719277937
0.2939623559366531
0.2975473625279007
0.298516245889445
0.29148210563447585
0.30100981173617064
0.29815311678353384
0.2933334408543603
0.2862113924199197
0.3308250801980929
0.2956346019557524
0.29704013109017624
0.2966530877747128
0.28240057490644876
0.31905050616802416
0.29755815859301704
0.28731630069953823
0.2920588162441761
0.2887906488780812
0.2952658705644343
0.29874871701862926
0.2951816039347468
0.29686801062406887
0.29481127751821345
0.29317007602780515
0.299541173036
0.29272689596762275
0.3569270760684184
0.30761175802895896
0.293031434815016
0.2865846856280368
0.2997902853889756
0.28027341041238746
0.2984413009995245
0.31103961871228697
0.29746013459346704
0.30297646543361045
0.2932895317952812
0.28681088139580324
0.3126361028273447
0.2862999136577989
0.29701147369004544
0.29174321314341445
0.2977582469979561
0.28669752987299196
0.289977693029678
0.2973603412790141
0.29197950069143935
0.29956818813534
0.29781473356454774
0.2999724110630235
0.2992805976692861
0.29490285636476915
0.2797468715214516
0.2977379945189922
0.29625546270045167
0.2956553648118022
0.2957885730013037
0.31902571688945186
0.289070675251626
0.3127746419460622
0.32295611517394174
0.2970814039655051
0.29675622816724734
0.2906650205766536
0.2970904416254568
0.3010658443349362
0.2820494500308507
0.29722585450345246
0.29700851699533526
0.32325747018921486
0.2979827459322049
0.29066393566169146
0.700848170974636
0.29674051222777964
0.284395675184851
0.2989035093714944
0.2976569389371286
0.3258073221223768
0.29434352678223885
0.32062464592794593
0.2976604817130704
0.29232875929818825
0.3165775597722394
0.28532428463844667
0.2974600699639368
0.2994724433727385
0.2924891208326877
0.29528153662705453
0.3112592804548416
0.2973883747030011
0.2990343542307835
0.2853080126525077
0.29371498596002554
0.28603032094643766
0.2828041235958807
0.29875168950941866
0.2963922667247017
0.29782366072802974
0.28534237066888757
0.2916214327252274
0.29827956739450295
0.2918128540114731
0.2935112413661542
0.3086225200637684
0.29322662503042307
0.30715257919424727
0.2977720706880191
0.2989067686751978
0.29503419160805455
0.29599387922876474
0.2820132844632868
0.2957030125292175
0.29660448965318986
0.2948879220380905
0.2977218449278249
0.308700060877511
0.2940675274309847
0.29732027703525
0.288297170116855
0.2974892816482622
0.2986497407110291
0.2853573720891262
0.29808185259060027
0.29784486652456443
0.29892468226440455
0.29472475098861123
0.29971284617361776
0.29581604454992405
0.29718612222410834
0.30271304067363364
0.28596994165689044
0.29330374215490607
0.29621650253548104
0.29758728479188623
0.2989487033789054
0.2979111339693892
0.29487680917655335
0.2968532499541982
0.2886592272696026
0.2944072055260384
0.2972145278478932
0.3106435371055807
0.2852892490581058
0.28729790209432465
0.29764637696896323
0.2938923323983491
0.3213260348301186
0.30806860483707926
0.292191216967581
0.2965760340784515
0.29801134530078915
0.29793221155398764
0.2867017422578581
0.3167464212603713
0.29469937786344497
0.29451556417277364
0.2913115636323393
0.2966412418570445
0.29597415997169363
0.2953212032418625
0.2971431576507247
0.3096463307433998
0.289870693794379
0.29232988289251727
0.7015022821634485
0.29797098744938466
0.2936381052910246
0.2965786069124067
0.28642718686915863
0.29787518013607106
0.308988794916722
0.28923029815342816
0.2973500940916003
0.29471731475827956
0.2939165145049926
0.2965541287175383
0.2961625096479173
0.29883727365192103
0.2893720256005423
0.2958660280093575
0.287894539120064
0.29806581572943075
0.2959341961364456
0.2961830129552047
0.31618041292574217
0.2974757118635962
0.2924907461793896
0.29868960547592327
0.2991331167805535
0.2934941481666533
0.29788981460744834
0.29273437098010185
0.29960859971932147
0.28200655786438444
0.2984336050979652
0.2913164405393108
0.28728988090970764
0.29862414400841475
0.3068084072141742
0.29101643032245034
0.29706891287360276
0.2992545512638688
0.28770872715850043
0.2946711736283623
0.28970406685150535
0.3061048825252508
0.28940278693613597
0.2877562121814176
0.29835196386881485
0.2967217277212747
0.3111694899164873
0.3015118356830069
0.3279744296483816
0.2917178565787777
0.29565660119953113
0.2968446725265518
0.2896110013222117
0.29699867604363805
0.29538197626731055
0.28655101406631495
0.2920858728883824
0.7001214538436762
0.2864701807378763
0.3142932029486787
0.3134547527860594
0.2915670085802561
0.29223468126861557
0.3005603977808322
0.2932970411597454
0.2908085947964885
0.29282013194505907
0.29035328863707893
0.2891697058316927
0.3218373223546119
0.28874106191698096
0.2935736617379004
0.29784684887368984
0.3053214426629055
0.3053765345945646
0.295355731098951
0.29975429872861276
0.29897384770146107
0.2979051848762235
0.3403461110743129
0.2962886716449599
0.2917946525024453
0.297888269173418
0.30507374680161664
0.2893124130215238
0.29758899826500573
0.2919187926815729
0.2951190401942243
0.2947532569044477
0.2932081151085316
0.2854062357851682
0.3024314626238908
0.7006198746835398
0.29823275940269944
0.29188320893008657
0.29563021232355907
0.2928416893937242
0.343626389528507
0.29793983974168775
0.2957920845582323
0.2986006766617431
0.295872219585892
0.29563569365532266
0.29740691890918497
0.2860168815773859
0.2945428428838674
0.29772551266818575
0.28923856766507156
0.29874635989616266
0.2905465830956992
0.28689413256126156
0.29753546467384145
0.29348401884882225
0.2983983808358285
0.2952698076519285
0.2917227716692048
0.2995930527379886
0.2955728329150113
0.29378099862675977
0.30195621249504845
0.2927931520122492
0.29413607719537493
0.2976516798203132
0.29150825502084954
0.2943530627601821
0.2964186751088388
0.29259917632759885
0.29545110482064746
0.2973784762611277
0.2855823952591744
0.27752215038661004
0.29626545052804326
0.32590500899742403
0.2977860917859162
0.28098173275209454
0.2889180326759256
0.29516929591852864
0.30771876196202186
0.29488438279677515
0.3081711166428811
0.3161879342868811
0.2970992680759162
0.29919657145967815
0.2909446580236667
0.29783619348214774
0.29732608868384475
0.2965247579100411
0.30632561861932384
0.2975937970755167
0.2962836639420456
0.3058399962414866
0.29854386332858357
0.2979811760380525
0.29241015805112325
0.3089979832446524
0.2939943264399989
0.29381517338549573
0.2954729099932173
0.28628454957637023
0.29832103854313513
0.29845262783772347
0.3055199655590682
0.2902228465299029
0.29805408435041136
0.29010300759820745
0.2842226581006408
0.29860358673839654
0.29566202337579606
0.2965976556094993
0.2981073743917729
0.2986299490367803
0.29683716878777416
0.2940392579882578
0.2961650177024353
0.29433045976422567
0.29186834721776617
0.3105693004691257
0.2931602925278048
0.2943676672476187
0.29243029567414736
0.29593458661136746
0.29914288813317585
0.28896204163354994
0.2930899016873026
0.29146952447858593
0.29527587240852476
0.28574321900192384
0.2949654166079522
0.2972417199909988
0.2989819172876646
0.2866777596644976
0.2975623154993937
0.2844947369431247
0.29353955709711743
0.2986549020589877
0.2986892181055574
0.28285774298092914
0.2986180795168745
0.2963341562609324
0.325796180659838
0.2975544927651303
0.30754035329879026
0.29861561849960305
0.2975494782780626
0.3141243726632726
0.28653091251305196
0.2955195767932593
0.2817500667883077
0.29470109172638714
0.3120577780220719
0.29745186246008953
0.3330556309813606
0.30018914546303666
0.2964580756194634
0.3232992366486867
0.3042677781833982
0.28607820541522233
0.2981347077220468
0.288084238505513
0.2981665675776354
0.34428958284907546
0.2966331581840197
0.29739736616824636
0.2966762391770917
0.2963386019066635
0.29315290142299316
0.2974818840131792
0.2984570282677107
0.29922089880328645
0.29315067875791323
0.2991877279313113
0.29025287199700167
0.7015721848677718
0.2927023995865118
0.28338098270199735
0.2936398648840878
0.29872799938390693
0.2954735112099325
0.29539824800363756
0.29765549552245524
0.29225462266301927
0.29816958648466596
0.29805309276341835
0.2997756710428117
0.28460634616939157
0.2861958161876513
0.3003229911084623
0.3045024715268087
0.2965576456279786
0.29634747806640666
0.2941031788707385
0.3233276440526199
0.2932017482161033
0.2890131228992062
0.28879907400299987
0.30025115096272553
0.29680610628495907
0.291941218820791
0.2819235697246946
0.2989769832640888
0.3036593494268812
0.29962215502437606
0.28661037045794213
0.29762882249173706
0.29704194003158857
0.29607300107128676
0.2944455294552846
0.29711141443170597
0.29631323715773
0.286218541571632
0.28804642173889033
0.29525453815326674
0.2932488701796843
0.30675108125476536
0.28870054243184434
0.29555305023031603
0.2992274692359994
0.33698401139343864
0.29777438478350166
0.298878813531755
0.29724675388384453
0.28498561601578887
0.29894921077276526
0.30032046759731473
0.28745595610370067
0.2832762504213957
0.2913162165191146
0.3125836293261956
0.29392080657344005
0.29935783307694985
0.29343212225654625
0.29292772734158495
0.2955333490610932
0.29861450437365844
0.28300562562534487
0.28783929219448734
0.2983035550064585
0.2891408874858703
0.2960132536170092
0.2984522480224674
0.290920147294675
0.28457617094593646
0.29786852370734157
0.3056575550510075
0.29327408186251847
0.2975437178787321
0.7004031377369297
0.30609011460092533
0.29341648987082986
0.2892800836678988
0.2829334370187646
0.293914839852079
0.2860417534819761
0.29757340378427066
0.29892805781070647
0.29722011428373013
0.28329414272910947
0.29745852341518547
0.2978793477526561
0.3002521595684802
0.2987709475293458
0.29241956824108584
0.29830244566841113
0.2965023833546485
0.2891707317205944
0.2992444238266479
0.2937665257134423
0.2986093211846755
0.29701509301848256
0.29841936873801006
0.28850810131847526
0.2971629477464068
0.2994455701832397
0.29313903901886296
0.29814537514859923
0.28265454938881024
0.2947382801004304
0.3009803051341629
0.2982048133769566
0.31544562358429085
0.28438256187909294
0.29013086249071973
0.29713021653584387
0.2924459645072675
0.2922293313399842
0.30886067855488875
0.297657897210835
0.29735318388427845
0.2959581126826608
0.2944435299081685
0.2972988351253908
0.2920157445992706
0.28418300176639366
0.2963777796908935
0.2959600223404753
0.2983983119827582
0.32202578698706913
0.28763374031166083
0.29702227322086977
0.29594911504059507
0.297035763282517
0.29307873120276307
0.2979120398652474
0.2996213467666264
0.29592860288838774
0.2970523236234152
0.2976808911152493
0.286373779255626
0.2992153593015149
0.29553406599300863
0.29526637714055287
0.29681136269917785
0.29761383482373693
0.294686752712605
0.2966476961655982
0.3083668318978376
0.29172620843879166
0.2862429204858347
0.2880975202311709
0.2978130643911975
0.2991790274129869
0.2894934400035036
0.2825663623377272
0.2987721277070365
0.31424895048595114
0.29706455669078635
0.2964896365561356
0.2855108190997542
0.3187438329176597
0.28849952068701296
0.2876153896005259
0.2951270624252931
0.2982712479663107
0.2829219327576407
0.29915326577602874
0.3209479634822904
0.2928955639389573
0.2979515589902983
0.2878452314277118
0.3081447811352086
0.29781693320727376
0.29669005364705736
0.2944470442948896
0.2936801827558051
0.33154459863247104
0.2991387377990866
0.3011028194822462
0.28834950740978027
0.29009932313074976
0.3075015883179762
0.2997486576773123
0.28666111296843194
0.2856614273234821
0.2981845878556249
0.29885108111531083
0.2965250906328891
0.2871805277246123
0.2967456152535533
0.2985943413580013
0.29655900297998816
0.2967066983096833
0.2991045018384755
0.2946798188468047
0.2910091828395278
0.2961626383822098
0.2952181963116659
0.2952448335635194
0.2967657798958957
0.2956445159572257
0.29613468805412496
0.2955596467556064
0.3213489752442398
0.2949852237251351
0.289128604183374
0.28853449316031093
0.291152836461201
0.2984371319186768
0.3212010053740292
0.2819838323823878
0.3001099188073204
0.286858952745083
0.29913707782451027
0.28910903057345505
0.29310639227891266
0.298932635860248
0.3046809858748223
0.29351741758524086
0.30514198147734245
0.29674395460495356
0.3046436070760125
0.2911933878294543
0.2985865498884498
0.27767407043137643
0.29519189088062087
0.2943636413358156
0.29453093901748545
0.2959850248262617
0.3097686503953512
0.3083597347250437
0.29389285501695495
0.29747346798497787
0.2937557932498318
0.3081677126508838
0.30567409852505983
0.2825107512907456
0.29635765796461977
0.2902207383008414
0.2931055075152326
0.28820261680778664
0.3465620688832922
0.29701166366402737
0.2923856020233569
0.2824013413833074
0.2970093197877231
0.2990041106642356
0.28472749687250337
0.29694799024812135
0.2903884018158185
0.2942977249764486
0.29648616616724816
0.289599847982478
0.30153739718423667
0.29825727428181437
0.29678878076513276
0.29683793475799236
0.28773980292847035
0.28913140917161867
0.29514894834699434
0.2954213859790591
0.2977704626193666
0.2999293360925479
0.29337590129725866
0.2954083348005058
0.3026156781721929
0.2965114785516386
0.2979069169017369
0.2966675678012006
0.28929731400649056
0.2961484591708295
0.29093857979753085
0.29699042491798516
0.29648287271073387
0.2997285506275255
0.28560653194338603
0.3075749813175613
0.30877104577476555
0.2968074276443156
0.28775328939018296
0.2999589278437989
0.2876189175370157
0.29631169938102925
0.29164792511873905
0.2882088088759794
0.29728489993200197
0.29937629953881145
0.2959711031320775
0.29022611076402033
0.3008418974116721
0.2979298809694369
0.29345542348029585
0.27675359580112097
0.29568293161254044
0.2841475231970717
0.3100860587569347
0.2917902001094546
0.29732131212176605
0.30766400742680583
0.2861645505356125
0.30054396989043725
0.3205998877597614
0.29720058469583405
0.31324291443923136
0.29799534924694226
0.29250168948390987
0.29789978055676336
0.29721124143333244
0.29669576515099777
0.29786941433648584
0.3031811841686105
0.30684208881738056
0.29549361805600444
0.2895193193980192
0.2791741322631122
0.2895805818297213
0.2959447815837929
0.29480862639870437
0.2955251720045172
0.29800912496610515
0.29684317467165733
0.2847744217573308
0.2997037597528642
0.29377753719567534
0.3231821384151712
0.3129571944550988
0.3134012800712226
0.29271252498811745
0.31371819539315277
0.2946929590192107
0.29953694242390705
0.30189954451019935
0.2963660217548176
0.2878774708351835
0.2887116438216753
0.2979398337399549
0.3063296291783621
0.29856553577805606
0.29364963452817044
0.2890711285456291
0.2922604591626907
0.2977364630606917
0.29691575702625406
0.28950132294184455
0.30901895131155954
0.2916337099815004
0.29488741781348754
0.3039435607755417
0.2948150855793269
0.29946286236013003
0.29663202093161156
0.29783380154787403
0.293157485312669
0.2971406994549538
0.29838420634921003
0.3177800578620987
0.297216020539615
0.29377837850702054
0.29220836509138165
0.29090497492849415
0.296224488983009
0.2916846003568423
0.29233293836873203
0.29170603045604504
0.2880754133397567
0.296580712471716
0.28219079955007775
0.29234774840605215
0.2989815290764022
0.31357820017460464
0.2975538029155342
0.2940910329499009
0.2974063360250546
0.2939101667043733
0.2976753501435772
0.2970698133240046
0.2985246770393379
0.3180459859432414
0.2889170739347353
0.2991355269490185
0.2929245119824474
0.2911135035023988
0.2975684033277144
0.293919991026282
0.30103422291273474
0.2895978271552594
0.30908390804203334
0.2920597248804499
0.28187120338436433
0.2928745178305752
0.29685186110662537
0.277342900113991
0.29155383431900894
0.29803074991600575
0.2912680321541319
0.3049578661452931
0.2842783184140984
0.29694271284417895
0.2896604015821616
0.3118664086868402
0.3576698317395208
0.2953747739008524
0.29477364291444796
0.3200517154158361
0.28892047705919655
0.2978929333041748
0.2984148340493323
0.2926587449571952
0.28404771567937376
0.29524423839205166
0.2982421875975606
0.3066867329041342
0.3181332790698678
0.311556242696847
0.29018899621923006
0.2945947610883803
0.2806211641793176
0.2863695002371459
0.29814010716508643
0.29091295947042783
0.2912076933509671
0.2898827914543391
0.29872181275169923
0.2905983163989802
0.29533803811438947
0.29134789478989737
0.28920779390654056
0.28779188926903043
0.3002433926956323
0.2964902622238014
0.2974174375960703
0.2862524181674161
0.30007628797444574
0.2981384663310314
0.296073018869786
0.298266091920827
0.2945438795634474
0.2953584292077595
0.29434953216814297
0.2999174288717274
0.29387999916959434
0.29641624091616126
0.2881304080718688
0.2994765502796335
0.28366981177999
0.29325744296704487
0.29208709992316156
0.2995638040018174
0.29861941169506184
0.29076249978726354
0.2956830148825393
0.7003034919588946
0.29848951206440977
0.29333010131422793
0.2893345470474285
0.6997985789270916
0.3183301810751634
0.29360749040246537
0.2953309207082799
0.2989191933854959
0.2984056647143154
0.299726923829731
0.29692008606772596
0.29398513321560743
0.30591457016510376
0.2864748546789576
0.2965796917618899
0.29900514492186175
0.3031353346882355
0.2985358652940012
0.29540517110558623
0.31545209801468016
0.2984277948550051
0.29740541188291275
0.2949167208600245
0.2900821517209142
0.2892706822073915
0.2988568586431447
0.2969326716466889
0.30015263215181986
0.2898887086944244
0.2979716048049994
0.2931265640290117
0.28835249940857943
0.2897064766218876
0.2842436436465616
0.29942433130722007
0.2985715968196112
0.2854913096309384
0.28249648778413167
0.2947647237938721
0.2986871688878364
0.2975559111366974
0.3170610644488768
0.29041725025737747
0.2989953112830068
0.2998305924380522
0.29593592405942243
0.3324755901536129
0.29675106375285676
0.28842060221257354
0.29241542695099176
0.29082729447196287
0.3160186495076849
0.298602184866519
0.2966089051028968
0.295890452855764
0.296761557232648
0.29866389928401793
0.30058461625549243
0.7017301463268512
0.2977154388427452
0.29893464502081374
0.2982023831084457
0.7014785388738296
0.30335490459132447
0.31477279428986127
0.2977616720792866
0.29946359635994113
0.29822864690418655
0.2900525279804221
0.30474498452425713
0.3112763172698384
0.3037096806723669
0.2972811403456372
0.3018969076450624
0.28071367843960526
0.28676404576866105
0.28864747070283464
0.2901641001311344
0.301269524703311
0.31143637077406106
0.28923373954331444
0.29837652412956717
0.2933304808839692
0.2994773316105141
0.2872333534424283
0.3043101581202453
0.29762403696246287
0.30953464490106863
0.2932080323736317
0.2913093628893353
0.2906896281545996
0.29670739736633456
0.28630010705774017
0.2972081315739383
0.29531253585406014
0.29393214895359054
0.30213778565735566
0.2945812236326215
0.29750161090536453
0.28768074911222286
0.2960434373332513
0.3415545300759387
0.29124072694923864
0.29814834006428215
0.29024972579288427
0.29574616534383696
0.29287351287417546
0.29753835099832976
0.2906529006898975
0.29878081475721596
0.2914421240700438
0.29307243480238726
0.2916840951012174
0.3122981257904597
0.29681356386578883
0.28361726168538826
0.2970101143131176
0.28878194086773196
0.29656346731540895
0.30149324835331026
0.29807993363074187
0.2976486520018314
0.30965955096997577
0.2932840579783221
0.2983878546770727
0.29557990885538743
0.3034799427585472
0.2843244809634882
0.2977062268807361
0.29089778152889073
0.2923460163147719
0.7013948877686178
0.34847735384584755
0.2975167263914624
0.2946019399102148
0.29591145029985305
0.2982114852018074
0.29562562274443605
0.2941233935950539
0.2987057887281711
0.29603178042227446
0.295074443488618
0.29414386744725496
0.3420094243919102
0.29897137883105196
0.29433986872501255
0.299783373993329
0.3037902862466899
0.296348766685797
0.30939426068317344
0.29837482921126907
0.2974232116639629
0.31836815863046525
0.289363769225154
0.29882321559887187
0.30996662027855193
0.2908324101975811
0.30437963517261357
0.2952877879804695
0.297133677381223
0.2958404143869218
0.29892462194608393
0.29780253491195724
0.29398567669062314
0.29904945491335017
0.29114690082688505
0.29190370152078204
0.307220706260726
0.2979895511446337
0.31878685045200267
0.28693918264506835
0.2942413195580086
0.29495211579802394
0.2934083391997505
0.2879106118748115
0.28541210618209994
0.2926819524526777
0.2938097898828085
0.29120323832418693
0.2902730336888211
0.31152576356305733
0.29737906732582664
0.2960083946758406
0.29743861388515735
0.2982046543749268
0.29937312748241185
0.2962566693916789
0.29706918205059935
0.29547204361845225
0.29825886545439745
0.315130847640076
0.29356868408915243
0.2907243575109076
0.2955615622213774
0.29224106825782475
0.29432704752758737
0.29905623529822306
0.29011794364863025
0.2976335742239242
0.29607201248024767
0.2890293826790075
0.2944709742761846
0.301713232901101
0.3095804862528488
0.2840721428134035
0.297929600033678
0.28899174588836923
0.2876403010098817
0.298405445897307
0.31834704612743
0.2869358422068739
0.3044701213355162
0.29255134836684255
0.29502992021022634
0.28600372191264156
0.2977539392000193
0.2978441124262096
0.29825935187658625
0.2892054230532768
0.3250200513991075
0.2920700331060803
0.2995160659978388
0.2935433372741488
0.2970320740214971
0.28966351428955134
0.2915030375339165
0.28636151423273704
0.2936207094909947
0.29482465671503333
0.3088682013723285
0.291766906056089
0.2972550116594586
0.3190729484601207
0.29433362097223287
0.2874523850076601
0.29564701587979014
0.2958962871840526
0.3077857769916252
0.3005202211852883
0.301887487604977
0.2992514627570016
0.29561530721190354
0.2953946675244007
0.2980593345419564
0.2889684666772665
0.29076489270398637
0.2931639916068764
0.28967635111893403
0.29503223728735856
0.2975012564932778
0.2932104851023877
0.29579747001500645
0.2980016139411
0.29640167110430915
0.2848418779363172
0.3198651603494183
0.29569046025633544
0.28605338463602076
0.29635435248188985
0.28328231694223094
0.2971339991142581
0.2964617058174481
0.2894155719042953
0.29577000111174084
0.29737846276005664
0.2914049118795742
0.29404859019599966
0.2973905161979447
0.2985716078866584
0.30939653461048167
0.2967471564564229
0.28841319476097427
0.29818504083229563
0.2929770472152109
0.31129948598431445
0.2983329010139019
0.30260891973552856
0.2977648731345554
0.29927634651277674
0.29345702353262304
0.33204405976045015
0.2968003943586656
0.2990160926760991
0.3000203449634201
0.2981740331020578
0.2906881865773352
0.2963792638453137
0.29594201345627547
0.29646051002105633
0.28290392606864484
0.29195578181873383
0.2855834269887785
0.3512445791367125
0.29538923634749314
0.3146096541881068
0.2975116788134671
0.3139181779897918
0.29543217600688104
0.29683886414275196
0.3073625939165382
0.2985665768213246
0.2879850474928447
0.30379084614108115
0.2981210393710319
0.319990610012655
0.2877514027754058
0.2887906982017248
0.2946550460446697
0.2928423325049396
0.2944328272920636
0.2952733215031999
0.290313576253054
0.29948017500059576
0.2962802560968874
0.29422670918866844
0.29312151725550784
0.30641091905812573
0.2967551634724927
0.29729566079644565
0.3078138804993926
0.29766534659961263
0.29939357846487896
0.2947217068035103
0.2975940958702618
0.3270868625605931
0.29135898329541654
0.2935526404963132
0.29481051483626564
0.2972364180870096
0.2980515137010708
0.3176261798871516
0.28318313808050666
0.29593174551772927
0.2958046113781047
0.29883416920989986
0.2974092011920799
0.2950244968336201
0.29844025739533275
0.31191754134401356
0.31176028870192934
0.29868223040138325
0.29797528101549353
0.2932639775843312
0.2944551267724471
0.29795853683634366
0.29796853810798485
0.293241409689103
0.3064360436299266
0.2998972694515624
0.2946544004829423
0.28731430021756776
0.2966203625002315
0.2982133190887719
0.28225372914452806
0.7007817201018649
0.29747763547275025
0.2921878074017008
0.2919379821085618
0.2848989171833292
0.29681863184082585
0.30413632818275527
0.29716492757349083
0.29204770699709004
0.28143734372533136
0.3032450130442919
0.2954677775926065
0.3004589647694091
0.2779070100428615
0.2947651647709307
0.296342057541109
0.29603774069102023
0.29149332344195417
0.29589088868127467
0.29667373365280314
0.29783221938729587
0.29695585483245585
0.2969489741188882
0.33600529466537155
0.29821294726697795
0.29954203712064
0.2984940713545039
0.29949823706753126
0.3013908966156347
0.2955257287185855
0.2983879845832223
0.32144490324941766
0.2953131970158845
0.29583971706350687
0.2971225364087742
0.3120890400353459
0.3059619555459224
0.2969786804156744
0.7004936513967697
0.2823541169712812
0.28286008942118607
0.29869220045983136
0.29509419719287183
0.30157097810674605
0.298723057583025
0.28765081708777607
0.29095676967905626
0.3180089972729051
0.29572458847982946
0.29257942016026595
0.284690667764217
0.3092333731543397
0.29739639140813284
0.2977829779708139
0.2888946623617386
0.29481975170305497
0.2992700326088221
0.29725740472308393
0.2926690739811495
0.29400207779294524
0.3150923047212991
0.28705029913256164
0.3243093384165182
0.29566301612877716
0.29860237844362614
0.31356959319148875
0.2976725777297951
0.29599025893116565
0.2946188408210998
0.2917875106405058
0.2962510927321855
0.28914067339529753
0.29779881146901815
0.2978136266350464
0.28661397337475464
0.29918395008884835
0.2974556132225984
0.28219918651093373
0.2956978189454447
0.2875537391345595
0.33318012511740763
0.29688192069387215
0.30574673282057985
0.7012698338880202
0.2966614855717904
0.30814815262253514
0.29746932476418375
0.3002128668377293
0.290968885886571
0.2858422472625682
0.28926405060730437
0.2932354731558968
0.30151348496467695
0.29929880757288324
0.2902235957373235
0.2943279671551743
0.2951327098912394
0.2881976804571384
0.29382990606010806
0.287632438049491
0.2960021659460352
0.28491125717208565
0.28593618941531934
0.30413602427014685
0.31445316214071617
0.297936818185359
0.2949299430928482
0.29459737429497723
0.2948114562702707
0.29794151779852157
0.30000190407815697
0.29369257710589236
0.29818557480301555
0.31809369203417115
0.28412309785073736
0.2886942630456496
0.2931746305917588
0.29579842256823724
0.29766200000128323
0.29796787459245483
0.2981251974090239
0.2971977726974925
0.29941843557761666
0.296050397817154
0.2984321553790109
0.2921799854391046
0.2984691097259927
0.29750137308573377
0.2970777868859024
0.29453396717131963
0.29748798804944704
0.30036762150654034
0.2921957040653277
0.28812097082144617
0.2903803067043321
0.2855924304658541
0.2966267098957796
0.2890155539283756
0.7005909620559851
0.29596326457394784
0.2975540972540086
0.2969304637141627
0.29858005943942945
0.3183166348882574
0.29792716814733405
0.2970662438457889
0.3000913078617442
0.2951998250060411
0.29683665586097213
0.2987358303292661
0.2948770972606618
0.6995554748013123
0.2836753891312933
0.2955369336126326
0.2813008071071725
0.2878485934707109
0.2908779986937166
0.29878205040163525
0.2993908818695097
0.29155524244789577
0.29925319068504574
0.28944282146639283
0.29738761244873757
0.2985379661908375
0.28540888245198115
0.3532514294490667
0.2872575010788608
0.297845098351567
0.29181654493891535
0.2969356631130484
0.2982734478905415
0.28314162286788214
0.295907047691905
0.3255828857754284
0.29596563997405967
0.2821601969501981
0.29818272373379445
0.29519499902205265
0.3140662098415813
0.29540045308737184
0.2981705210313925
0.29456271833752157
0.2902199339276556
0.2967691465002054
0.2958499716570327
0.30125146886298904
0.29305362313586986
0.295393101146732
0.2983586811096533
0.2979155195524749
0.3091683135603949
0.29302190048790777
0.29017041958903084
0.29939014684226983
0.29195986874787105
0.29422986271594115
0.29002625394349557
0.2958931586445707
0.2973976543584564
0.2979804907206992
0.3103356886102471
0.2908437144656472
0.2964342607412131
0.33216429809803616
0.29662164940616775
0.29163104506525545
0.2824812553523792
0.2788824726862874
0.29723589979195947
0.2954460565477955
0.28671137550582126
0.30907573263024113
0.31430867950090996
0.30569919834608766
0.30252560641120735
0.29646028813543956
0.296994706246135
0.289935953391316
0.30136996448193415
0.32602926361856993
0.28968028745171376
0.2976616758831932
0.290997428129191
0.29825968014241
0.3066806690300527
0.3297581414636339
0.3027689377311436
0.29358553432204165
0.29191505744427604
0.2963705270974231
0.29217598682055507
0.2991908556227004
0.28796285012187584
0.28618654154919415
0.29853049256065173
0.32030658253081234
0.2945368880552103
0.2890468752964634
0.3084568129914885
0.2975016954193871
0.29727392569540845
0.2926296493865504
0.285109628681432
0.2940889894828472
0.2984882778812064
0.29268601492481866
0.2925909538615592
0.3096669268560085
0.2926295283551643
0.2979916813996396
0.2953866338176574
0.29431239163685186
0.2904622762357719
0.2915365119752559
0.29236963327276944
0.29639574808192776
0.2926750403936939
0.29255209903348434
0.28917122087551944
0.29793143916052806
0.2963782215746676
0.297329718331429
0.29506014335200437
0.2963124717279648
0.30004374900068975
0.29338072486996986
0.2908543398932684
0.2986434274815346
0.28696116501392177
0.29956369971876645
0.2963701401969582
0.2982707605934576
0.2974335928366986
0.2911572020838397
0.2950988218633259
0.27969737567502645
0.31198949994632086
0.3010059638237185
0.2956046084397427
0.3212004190328623
0.2902852929350561
0.298948188928191
0.29648039799095144
0.30739148731884064
0.2946859176755414
0.29221250325902465
0.298974912219969
0.29850623262254167
0.296499260561145
0.31602223119791184
0.28859109026527635
0.2971912578017295
0.29140732031177574
0.3086443416050935
0.2997319604927815
0.28704524253269026
0.3118985531655707
0.29348388147377724
0.3128811383395721
0.29807278110388286
0.2969354762601093
0.29864363418350687
0.29784026950686043
0.29642076318168764
0.2989766195613801
0.29479834579757364
0.28538073876253156
0.2783187905301526
0.2988624298736805
0.29483233707827583
0.29464470074860505
0.32088731983201174
0.29219730519739945
0.29617259405520924
0.29593541533747525
0.29443249906328756
0.2958706466468605
0.29241493055148726
0.29744974076805764
0.29251349262564363
0.29702604270508465
0.2888553948469821
0.29850169161510715
0.7012669551059266
0.29706953492344995
0.29824052114871
0.29091221194970596
0.313015476873841
0.28528983214546383
0.29725080156587075
0.2977245302317035
0.28618216683828357
0.2883091977269345
0.28668886816044176
0.3319733607291235
0.29971473613980393
0.2966606427456553
0.2974025316170678
0.7004313243102647
0.29172885591449477
0.30833312272133767
0.31846992937286867
0.3011253161520749
0.297461785349807
0.30775894761117156
0.2947042833274075
0.297381349986704
0.30727096384003233
0.28282076913805415
0.29453891632849627
0.2996147681113775
0.2833458196066504
0.2925351407125548
0.29181941841253195
0.29420845336778395
0.29748236479042695
0.29353428503259743
0.30888146117294174
0.30519468634476
0.29379097478490973
0.33248277270659454
0.292752439224326
0.30906902225300387
0.2948803663836684
0.2975428558398529
0.703208623789622
0.2906595421270848
0.2940644066028345
0.2926087754860507
0.29809476542889335
0.2946673452448055
0.2944441896427382
0.29518978649556477
0.31450090460504704
0.30123275646425457
0.2894316843991153
0.2949024915906196
0.29878378596708016
0.2969335358243331
0.29979018584384765
0.2970935370804088
0.29465268871435457
0.2969007814428815
0.3248192728947286
0.29470448678183364
0.2952809504761729
0.29904507040167894
0.3190895894288913
0.2956229604290283
0.29268094947274514
0.29883784544388464
0.3113541860928617
0.29750679958611803
0.29911384533695223
0.302007546485898
0.29649317423635874
0.29887986701154795
0.31281578357494594
0.2992434302591357
0.2917791516475256
0.30036286604602364
0.3093180260955256
0.2970122179493393
0.2911274793834903
0.2962688717397605
0.2951725926533355
0.29753990114146084
0.2886469488344308
0.29889498952243015
0.29537107010210417
0.29358041975301186
0.29308913344525644
0.2954691304673975
0.2876314784551322
0.29777392369173833
0.2885124334046923
0.29769907673447443
0.29462788792343714
0.2984221741657054
0.2852458125711669
0.30659416137807016
0.3020051670758316
0.2854106119820448
0.29613390177140625
0.2989171895730888
0.29294944704189313
0.29617693154432184
0.29928613531381193
0.2888171333734366
0.28184315269836313
0.29324850129478525
0.28517738368281376
0.2969047917326362
0.28891125861215017
0.2975415156605831
0.28189585319276056
0.39646356457825943
0.2921169045512473
0.29102676612510286
0.31693038952091673
0.2933983321833527
0.29616779915782593
0.2987308462969316
0.28962403424207633
0.2985956209360681
0.30827398442397125
0.30112074108255665
0.29715270044299663
0.381656564517882
0.2885750866822701
0.29631290755116546
0.29002243464374444
0.29822644285328154
0.28968442673700456
0.2763524378929206
0.29592495806544905
0.2985889536817218
0.29366623587336527
0.3167577121970439
0.2992022944614905
0.2918562333423313
0.2929828853874756
0.2945215450649263
0.30883317202979266
0.2968677070772001
0.2977819320198566
0.29604542604108225
0.28841155900782833
0.28820871103632867
0.3071542914919747
0.2905709114417847
0.29883109632766364
0.28782411700134053
0.2992238113035293
0.29620961280233093
0.2952853855240772
0.2963337947507531
0.2786741561882575
0.29439813591229264
0.2931974144069775
0.2905671184919745
0.2974374341225136
0.2969114831529684
0.30465823563236
0.2818317981552202
0.2993841485446001
0.2916875287074859
0.2943696834331622
0.30734250866060014
0.29672197901676656
0.29915762087334224
0.30429046891744904
0.29922114984023607
0.2938029171133644
0.2976528625568362
0.29746289471782167
0.3049759313940433
0.2984446083544294
0.296272710191882
0.2913887231260736
0.295896208726839
0.29321513225067114
0.2970362228944063
0.3042295250938888
0.2855483327171932
0.29866462944161354
0.29898104399013037
0.2812439596614508
0.29732452951742083
0.29841108285394496
0.29603126575379013
0.3073498180307661
0.29077541507263804
0.31177016598412893
0.29024213209437133
0.3143014164480217
0.2969837129711944
0.2982051079177168
0.29722813935883935
0.2981667224949223
0.3030867253683895
0.29773396003277025
0.2928271424597364
0.28883130033511545
0.2986577369550035
0.29804953805998147
0.2968593848468239
0.2988512173620761
0.2965678984589948
0.2864112750033682
0.29066678009194885
0.28336205382533075
0.3083628048308962
0.2977174867348655
0.30137021393957414
0.29940728319886256
0.29553794385877175
0.2964373966144114
0.2931331302925236
0.30437945498541996
0.28994192798128854
0.2914523432129497
0.29756676415596395
0.29664344524371294
0.2962134522827775
0.2951538644654056
0.33221195341684134
0.28881898280298585
0.30096656375042163
0.2961694017118492
0.29421916904072787
0.310357015845024
0.2995114816427912
0.2832664066228808
0.2876445681941885
0.29135795036437717
0.2975738225405204
0.2994557668480066
0.30322453284525525
0.2924147193845212
0.29646643425767993
0.3070960637416237
0.2990057450145465
0.2923673405172158
0.29432995611039897
0.29105333327634586
0.2873122313944838
0.28913264029685215
0.28283639415928474
0.2979993899337135
0.29408102105597744
0.29609650555166983
0.2999680168819485
0.29322926532869137
0.3025087640375006
0.2863380107526831
0.27930758616417956
0.2823632888141317
0.2875957895533584
0.28780679176211943
0.3077904181427567
0.30410827532883383
0.2971473190029124
0.2811189330420486
0.29433479690765657
0.2934361704093771
0.31241823355348436
0.289365624928674
0.2949919698234953
0.28907174739505004
0.29067251165243535
0.29246250485147207
0.2865737882675065
0.2984033664884711
0.28951056203701436
0.3180484548884938
0.29416389983594354
0.2984508570085833
0.2826833944252228
0.29968415727569686
0.2974792533294251
0.28770905159988597
0.29101852509917575
0.2963270699888025
0.28459034000480526
0.2953534827646293
0.29558121201198584
0.2987102423527893
0.2985840547633645
0.29202244554594425
0.32365468310887735
0.29443945088357154
0.29650110187811685
0.2976209346228238
0.2990951090654684
0.29787977804694526
0.29038757042906166
0.29789261690012625
0.2973914800710707
0.30016074890631816
0.7017334815909703
0.2960933386774274
0.3181852619562106
0.2902102225981095
0.29841498420881485
0.2924830023352912
0.2939162351746538
0.28664063107852905
0.2965113962151976
0.2902993755329652
0.28713308462881076
0.28865987294131773
0.296676937434078
0.29811604610232895
0.316842489865224
0.29684540885181093
0.30267269472595487
0.28658559085206153
0.28535049354622727
0.29480973280124534
0.29099432535708786
0.2990575094281467
0.2975809955748717
0.2951283263736194
0.28190476203460013
0.2959388029724472
0.31388779193530914
0.306452871731536
0.3102269723624529
0.2811427942547668
0.2961398454735595
0.29710134960709866
0.2968535330858389
0.2857986835413861
0.29803638979608504
0.2958754021645912
0.29487037622675666
0.299038669756254
0.29373222494071527
0.2997811622577554
0.29902131708941476
0.29617710892235816
0.29326794870614853
0.3008867137910591
0.2928553783470464
0.2993398860399879
0.28866265480234315
0.2975430734942464
0.2989588136705597
0.2977804562153549
0.28726158020604453
0.29099608644229574
0.2975317422297562
0.29888804291725835
0.2800824339460672
0.3307262807993458
0.28481124906251054
0.29542575290398526
0.28876907036189586
0.28976647094757935
0.28680783759186684
0.29838485847266033
0.2953583629182333
0.3141962536971394
0.2837298521318799
0.29095332591830053
0.29851540173665597
0.29907991193618244
0.3115493543767243
0.29293998397382054
0.289796309515084
0.2958712662489073
0.29357824224619167
0.31171898639172796
0.2944033703293617
0.3221906758586337
0.2987888344498588
0.29182889239276644
0.2943011721665292
0.2834926302180281
0.2968611887313992
0.2988714549123021
0.2953518205936196
0.28559954161771556
0.3055024341595248
0.29853028291322886
0.29646322324965657
0.29181542497468327
0.2981507896946977
0.28639560792927926
0.2925450460890678
0.2983124874578084
0.29959027140794087
0.2968475779001552
0.2979032134201758
0.28879007625533876
0.28877595234041914
0.2811562885559025
0.30595745394648716
0.29675719940456774
0.29839844557361317
0.2985287635358828
0.28684497200212133
0.29863460045917845
0.2971538998862936
0.29500396085069464
0.29592173808757777
0.2948150146786654
0.2956757815975703
0.2958799598009865
0.29466093619545664
0.2912853932669988
0.2944351675503791
0.2965950455448113
0.29960977031796365
0.2910424192556853
0.2945313872446526
0.29615015911838577
0.3186113235529871
0.2847277464333935
0.3282130626178939
0.2857813259264681
0.2977903211645324
0.29795395772504857
0.29793967904515395
0.2950524935271629
0.3010384771475974
0.29825594972525976
0.29780089608900234
0.3019110068643743
0.29864459633646157
0.2898510562148301
0.2936899515197647
0.29697404145002565
0.2985418976975825
0.2945761252604079
0.2904963809176665
0.2868457077785364
0.2969374449979312
0.29500650986285876
0.2987190746181777
0.2980514637396857
0.2993755364642719
0.29462910124132785
0.28705418278627676
0.28632999047370816
0.31196976273393845
0.296362075496501
0.2875315725108102
0.3293164948115174
0.3154016155787146
0.2897846335831708
0.29640793277536814
0.2925610141918353
0.29791996271062815
0.2797724387565705
0.2873053892344122
0.29896688941895655
0.3187852230839162
0.29877269423444636
0.316459493033286
0.29587817369271363
0.2975920604227796
0.29610311574665177
0.29767359798708426
0.2998751359803987
0.2960817054082003
0.28201730390188945
0.29318767330173306
0.30343705988754816
0.29668879273277726
0.29199821492534506
0.29573920902469947
0.29755901528969714
0.2839521836737109
0.29162251267052647
0.28424367646305226
0.29219832689246883
0.2945834201496803
0.2968886875525057
0.29609624574475757
0.29882280434679287
0.29815098586603983
0.29906614987794883
0.2990523235920815
0.28853111195780645
0.2954978823268611
0.29984266948711097
0.2964700390148906
0.29814841808725207
0.2969739245921638
0.29044918998197916
0.2851372560611725
0.2994688567779699
0.2988101027692846
0.30588069047033445
0.2974061648970692
0.2968178565163947
0.3585510420597226
0.2833055179555889
0.7015373400563596
0.28409865873504675
0.28545088218220765
0.29378674962402923
0.2978424479903822
0.29842385605060356
0.29623915920704935
0.2960051474352591
0.30581453751879256
0.2960220820055466
0.29532897770237787
0.29855703602878186
0.3021173935562376
0.2978002613086645
0.291610933887517
0.29627146340411176
0.29675104948022746
0.2984958340142821
0.2958009161500521
0.2982826887631844
0.2988380755238906
0.28594810693581446
0.2989307787192711
0.29732800761255773
0.30781681795291066
0.2980877045258879
0.29202198399033336
0.28616120557714236
0.29815367019568
0.2871976157258853
0.2881485243184727
0.30179416296938405
0.293907441989079
0.29793135093495976
0.2916385345859415
0.31720778578877323
0.2988090084495546
0.29738624232315636
0.34762744543483987
0.2980220577245356
0.29559115838211464
0.29425367922810364
0.3055546247976177
0.29826065548746455
0.28536536881500973
0.29864280473896343
0.29788910574379285
0.2893909197259445
0.2979958402056055
0.2890202510454756
0.2972349895274033
0.290388400964671
0.30204161131850016
0.2893386032132471
0.2848647945917995
0.2927963426748526
0.2971158912337714
0.2954172045298489
0.34574627049804474
0.29794496511801594
0.30007348672245354
0.2904763343238255
0.29272701262850587
0.2885788692792689
0.2892055383898632
0.28958315716935423
0.296422035709991
0.2889132931754881
0.305921011428356
0.2878940124881425
0.29934876369067825
0.2962267338445681
0.29688172612473146
0.2978707149918947
0.3152443068150392
0.29768264685343426
0.2928825586012712
0.2905473293955037
0.28820229403869946
0.28417144536596134
0.29736554552862443
0.29963668285533923
0.2987350762233456
0.29832366692610224
0.33818346351632833
0.29884298303451795
0.29557462338189927
0.30889162745202176
0.3076504478821879
0.2817319688373293
0.7011736584459998
0.29771492171931807
0.29469871805216385
0.29866344663426053
0.28577582754665726
0.28877513510252417
0.29859195573994285
0.29711585763855897
0.2971117486789683
0.29735342047457325
0.29317656257644403
0.2980365811403456
0.29368350937604043
0.2969551296903918
0.29683222641131435
0.2893908662975169
0.2970090250713551
0.2956991152429021
0.3089587411487198
0.2909591430607328
0.30197291343415467
0.29954047050534255
0.2964301724869011
0.30382596262930994
0.2984797516017774
0.2981162424698259
0.29284226194211005
0.2895466164804271
0.3095698694576246
0.29719594808410854
0.2946214509333326
0.2921988155442125
0.2844408259267436
0.2981322556272064
0.29549094684649446
0.2904581215817021
0.2985038555470413
0.301125426458452
0.29370882158804196
0.2922139303046972
0.2923488691173117
0.2897274167053883
0.2975639101964204
0.2909340124254701
0.2969290753911379
0.2923898214688815
0.29405575280212526
0.3102024665640356
0.3099618450787248
0.29481162348462403
0.2903520496187829
0.29732238446723086
0.2978146819289599
0.2894657871635825
0.2864590435631264
0.2991644072561699
0.2983536655861534
0.2866558946645371
0.28976124405873127
0.28739988121111115
0.29114160005945855
0.28594329529064894
0.2962522520576239
0.30707237203581544
0.28874371917111047
0.2994561158663867
0.2917758953975537
0.292742287323921
0.29639635298225486
0.3272031548028706
0.2955844033313337
0.3051793345107655
0.3004135868833173
0.2993291144429751
0.2990181424022433
0.2961302781476833
0.3101374544532009
0.2851013148142599
0.29898613201483754
0.3153035854837265
0.2981070405261315
0.28272219643157975
0.3034588618550733
0.28341346070203316
0.29861572517842183
0.29608940794438526
0.3208321562019074
0.2984931159206607
0.3303569526655137
0.2970711743546036
0.28875723657043584
0.2980832137492129
0.2975393755248621
0.29711632185710574
0.2958056868096388
0.29327846608395924
0.7007961368538207
0.2962362001532814
0.292346190567556
0.29143847414656365
0.2943337723068005
0.28237735740722186
0.2975152523848907
0.29830064328005285
0.28980628864009517
0.2804125547464168
0.2817246235177199
0.29230946638218785
0.3494986023364826
0.28914590181758903
0.3015043165843472
0.29814567456611146
0.30760709170261863
0.31602062029137207
0.29874658892548445
0.2974518195749826
0.29940124326920825
0.29640388455315064
0.290477862128978
0.2957595460621918
0.28860937483870513
0.2929043514063196
0.29758091783172425
0.2991607284726993
0.2998293290705996
0.29326087451424443
0.296048537615276
0.27966144630938383
0.2985884423837269
0.3128928680971164
0.2999304046033314
0.30564385529435883
0.2897647902515718
0.7021548497072252
0.2926949635583164
0.3438059623665316
0.31264652101753954
0.2799937013967914
0.29615882190441684
0.2922231677183086
0.2986883310322901
0.296973768688138
0.2933772628113293
0.29892290231191243
0.29815174187734456
0.2970163797311933
0.288017933115307
0.2992441622616081
0.31080732525234
0.2923408298686164
0.3042074201865002
0.2903069469143904
0.29693257379020355
0.29102563331175646
0.29647809760563437
0.2977627120508135
0.29675342045353353
0.2974916248456063
0.28975950231107017
0.28676613776257887
0.29912382050024355
0.29596124849383526
0.29789180922801467
0.35134190294645024
0.32486881094240977
0.2901049936956165
0.29634458365524796
0.2943143065222265
0.29516320298701937
0.29728519263349873
0.2819364162877835
0.29936461100694806
0.29293553624404595
0.287132934989704
0.2885580861452049
0.2939039937560871
0.3330859118407989
0.29457877326303666
0.29708657071987654
0.29291014982976205
0.28165513828400734
0.29629086684802003
0.2874816603442874
0.28880152939243753
0.2984100148443199
0.35865304854093505
0.29806047339125613
0.3136708541135791
0.2931083534191758
0.29619631376912786
0.29316161668092616
0.2977985738186515
0.3181578768802924
0.33295809733178255
0.31149411304359886
0.2901659770812731
0.29795355499896997
0.2963545895560569
0.29734617889135767
0.284176083195366
0.3064429946211463
0.29903651248676427
0.2935449625230664
0.32020510775699806
0.28106074800680986
0.2972619548792417
0.2973078036832635
0.29768574758016514
0.29872959935235394
0.2970691930925933
0.2984225498005903
0.28570310008333355
0.3017906387974289
0.3015031832521108
0.2857359407358968
0.2945958262699463
0.2959534083561311
0.29211974440897925
0.2974093214517389
0.28470197267611397
0.31588674688377455
0.2838840135194993
0.28997360438911995
0.2933360617737052
0.2967612995723313
0.2898511428940734
0.29877904860854554
0.28721290897021384
0.318288938813
0.33211279371214497
0.29952185340791976
0.29798706218193166
0.28778255475095293
0.2932766527216747
0.2971172048155401
0.29845300386526435
0.2886570937796204
0.29874843032814336
0.2927768536216555
0.3292353271107998
0.2974654302364781
0.29441415601796295
0.2939134406203501
0.28675884769469545
0.2966409267244939
0.2958278578072136
0.2952451834093791
0.29435711658322977
0.29727164498138753
0.29754429775306607
0.3185047292241844
0.29574156499935095
0.2963745718755991
0.2856017364652254
0.2933009066020239
0.28796299823251004
0.3067129693494861
0.29666712389797867
0.2855423893941294
0.29086861243905254
0.28975691179266494
0.28855001463646257
0.28289691035904746
0.29302117073835343
0.28863540354621325
0.2968328926210567
0.2983939698077893
0.29895152864755004
0.29702211368384407
0.35196214022490196
0.29510895167426004
0.2840544876184939
0.2971561043598294
0.304585498381271
0.29709765851121694
0.28526723595138753
0.30243173393941086
0.2990756996394708
0.2958867274233369
0.2974193574990316
0.2991658953288643
0.29217331883059705
0.2872072684182689
0.30151289263009595
0.2907554427500612
0.29928789444952897
0.29701297444917896
0.2955791289658486
0.28465292320825303
0.291238589364288
0.2849496190828606
0.29695965215405146
0.2962614498823171
0.28549569409391135
0.2978380454387137
0.29408813286619123
0.30178599566816866
0.28674909924584274
0.290795038060225
0.28514681367752615
0.307913411752143
0.700622417290908
0.29720655413032104
0.2973388121778307
0.29259062600738384
0.28943253230649363
0.29565165029706497
0.29870692280580596
0.32406277986785403
0.2962664120219933
0.29535696080119234
0.2976177345777229
0.28864902599906755
0.299981244339276
0.29448520553785346
0.288193105475824
0.2982345477288599
0.2875513825013246
0.30590797644641643
0.2975644905505358
0.27991370494103035
0.28384781374866175
0.30069158451779743
0.28912832126143234
0.29349680900945485
0.2980536883644643
0.29687565650981224
0.2962096209322643
0.7009185207908912
0.29772960061969667
0.2938565661432249
0.29972920738712655
0.30856016500105476
0.3004974261377286
0.29751713159996623
0.27984036071587937
0.29739873803212213
0.2991018747719239
0.29948898095717397
0.2974122308793005
0.2901055101026977
0.2993493225386433
0.2941812043218021
0.2895143410884158
0.2921630747424704
0.2914261416051239
0.29096299232813183
0.2955934164812395
0.29499278587970634
0.28338075953950603
0.2990912653943645
0.29434964647564765
0.2922531143476719
0.29276993631193515
0.3048647627852935
0.28986339518605037
0.29078677006566167
0.2799600596188002
0.3071467797381458
0.28783065108179307
0.2886877980851197
0.2991606370471396
0.2910673501320878
0.29593011859602564
0.29143770653101503
0.2850238111957302
0.294284011694768
0.2985504705197503
0.2935493994999644
0.28671270701526347
0.2940505905059096
0.28258365363731097
0.297898426157053
0.31500313722251017
0.29858911408287087
0.2957185399270113
0.28427978747684457
0.29744216595246714
0.3118619581759879
0.2933520753094201
0.29941153801921316
0.2903590196864873
0.29708423111224147
0.3099440385670203
0.3059103781158343
0.2958635897934572
0.3054389443375764
0.294411570726818
0.29425835615413776
0.29818763588159797
0.2864824614728112
0.294478605994326
0.28304602169637866
0.29438631080598604
0.29735043143586753
0.29786049215658444
0.2977105007618361
0.30669486010187746
0.297633850258628
0.3079941575422272
0.29846175892261095
0.2975032494195085
0.2971403999920692
0.29756235386168894
0.29887448122044075
0.32077866129215554
0.7001443608060666
0.3146596414318773
0.2957226255304593
0.28601017213831414
0.29557400859470645
0.28957208422550235
0.2860082594575564
0.29664739141514124
0.2885224970587457
0.2893696087119452
0.29659661726583025
0.28294648591803284
0.28522949402808473
0.28966381127006674
0.2980235543078227
0.3081291026656281
0.29418870716331036
0.29738465096436023
0.2955917355057166
0.29286752127319365
0.290155243077733
0.2983658981095613
0.2949051663326374
0.294624776971735
0.2968398702979793
0.29733617825710373
0.29427241233817625
0.28715595474180067
0.2982205120284855
0.29878959183197823
0.7015735981430802
0.2990084550887467
0.2974024163638693
0.29168965997221963
0.29593859637600756
0.2932118457760262
0.2976893566153008
0.2895868952444629
0.28321517136443713
0.28560373432358155
0.3081036895883382
0.2988600184568424
0.2900901808282852
0.2939828074636725
0.2950579165136309
0.29574286784711584
0.2965592524831521
0.2973796667103522
0.2974022095571322
0.2984381549661596
0.29808674935647583
0.2994649996287735
0.3248056431977749
0.2857236953091383
0.29957506365909503
0.3181948255817635
0.2918052093147823
0.29754583673458807
0.28993202360344805
0.29507595861549074
0.2981030500938756
0.2977063938904359
0.30994130498031497
0.29588124753977446
0.30784603174957714
0.29818541162161016
0.29632120497770875
0.31463257920851456
0.3123155426986667
0.2950870733339812
0.2945754379128267
0.29739188261866795
0.2898947593117826
0.30347281759935973
0.3102871991042985
0.291187891040379
0.29880512309383356
0.323168941750647
0.32274666810386526
0.2997040797623843
0.28957305458206717
0.2965136409585738
0.2979540077045675
0.34219047129648866
0.29541434871056155
0.294215811240914
0.28313070020948367
0.2891687381962476
0.2974009295670255
0.2982125881342583
0.7026537753767796
0.32287663370091435
0.2935402234729964
0.289451212498599
0.3005951142545604
0.3239909748412345
0.28934582128573283
0.2950056189913943
0.29927047100347404
0.2845604679615024
0.29416778077837785
0.29609589357549687
0.2871157104576117
0.29965717638819217
0.28839189162246837
0.29677386994685406
0.3071817644841402
0.29834772192887565
0.36715070929277077
0.2867689620055455
0.28477202990547856
0.2992579490270925
0.291368215762407
0.3116072543933006
0.7001131834449402
0.2979865874870594
0.3048794454002231
0.29685294190212896
0.29864998444646756
0.30284763148601135
0.30987475494920647
0.2938125811194109
0.29343151194591754
0.29807331527448666
0.2984931656594431
0.2982641785714257
0.28617367306985336
0.2980052885678775
0.2932938247597006
0.3001096148503339
0.29732148330542607
0.3062711692760092
0.2869328654076126
0.29893343792467963
0.2967643574977994
0.2887665378010024
0.2985855334910845
0.2990125364469709
0.2837434638406628
0.2979328249412721
0.29985693238082384
0.29859294211008247
0.3128626969004314
0.2953496018774208
0.3072759271038832
0.29011273348874683
0.29836582933314276
0.29197668261989257
0.29471144457532134
0.28904964154127205
0.29831723346045763
0.2846760983301211
0.2989018900157912
0.294536717456584
0.2898363736077054
0.3031242277413017
0.29691610220137177
0.2864468022808962
0.29700705552485807
0.29898324303511264
0.5149036207093567
0.29889279803149393
0.2885837096256712
0.29557189227918523
0.28578861390888566
0.29781253069626346
0.28967818651090815
0.2911294864281892
0.2954367107932421
0.2994926945181162
0.2925118986225342
0.298616602037846
0.2823938439899387
0.30442436670673056
0.2857792271257836
0.2896162825202925
0.29385627451580565
0.31561161551292605
0.2993538472179125
0.2987849333345376
0.29557495413062396
0.2909547403088371
0.3024883365311999
0.2959935828244329
0.28168912613022135
0.2928070859178082
0.2979217741067753
0.28939069484063457
0.2939098197934414
0.2790276329706641
0.29581018414755333
0.3162876126425542
0.2899524569832456
0.2880096713513016
0.2960203164495677
0.3026433547199282
0.2822280979555304
0.27878585338892453
0.31098651578285513
0.31163222116564115
0.29606415953610266
0.28755061634453266
0.33983340883977003
0.29619876848117804
0.2885478396124371
0.2899263956055471
0.2959011089232898
0.2924594251825187
0.29181781127131823
0.2976361932737387
0.29961363970551874
0.28758826435870194
0.29068171541901705
0.2894953459500608
0.2965293059503412
0.29585512223302834
0.2966002166269175
0.28438802015860654
0.2902246740395107
0.2894793641881673
0.2902132803809451
0.29926942516340616
0.29566327783044477
0.2978263677867779
0.2888455663485271
0.3230282180066468
0.2969781185073062
0.31461170623255086
0.2970491674059088
0.2985203735823197
0.29712919806312477
0.28127926524526686
0.27945710318902295
0.2901915529589385
0.30378418551544806
0.2951650387438115
0.2957561236059227
0.28645195068024204
0.2959180338264101
0.2964003774230007
0.29447217006645393
0.2912433228686845
0.30696461011045983
0.3138107770274187
0.7006679904598603
0.2990297582597071
0.29593407917252923
0.2885440636490342
0.29913858204398924
0.29461226168610755
0.29215562212220264
0.2985521832820803
0.2912104921893412
0.2942113777300907
0.29272276356237603
0.30048020772010214
0.2930432527001752
0.2944399112997599
0.3048260051908093
0.30554597154985824
0.2983982609653798
0.2995416359803602
0.29734621198579514
0.2935363218078802
0.2890266835438612
0.28729916034688413
0.302346381727882
0.2921771921065887
0.29551865738981636
0.2941274403834133
0.32661919733324335
0.2916739690198478
0.29610340667166796
0.2887454364482336
0.2987100364078829
0.2979479454424125
0.29769771940904216
0.291717364774344
0.2971486074775365
0.3018105037481673
0.299097540852815
0.29654198257591186
0.2973270902319281
0.2885977180216283
0.2966047634713052
0.2904374185066953
0.2970689298157777
0.2981750040389193
0.29765048048047577
0.3112958664478891
0.2877634646101401
0.29494279285953884
0.3206867698344929
0.293966172354669
0.29896153897715594
0.278870340281013
0.3053201950465546
0.2943677095273596
0.291792956263604
0.2919050384346623
0.29380044465050625
0.2821770950242729
0.2888125364153933
0.3044213209361224
0.29493036146553814
0.2910368046846119
0.29882654281616045
0.29847280517343067
0.29887823099417044
0.28364578448922495
0.30502362444050407
0.2896323495141014
0.2886739479494866
0.2925732993219256
0.2986566457426944
0.29570476382199573
0.29468315193563127
0.29397093211761993
0.29310964458506034
0.29773452880475026
0.28644618755480705
0.2963254414111011
0.2979100691490071
0.2797967922308431
0.297278252590247
0.29742446645675213
0.28935258936953395
0.293868530566462
0.2898071727635581
0.29294422017529537
0.29892001368510884
0.2868283415100931
0.2927564659487016
0.29739239598597705
0.29275544649404633
0.3059267272043294
0.2982333983249142
0.29574230858397205
0.3248058046202843
0.2975760765135304
0.2930616774661887
0.301161992754261
0.29010479885255347
0.2823942263081879
0.2913969336907835
0.29122971699240696
0.29662530112632085
0.3072711265738706
0.2813793934102193
0.2980811628427895
0.29705285474281007
0.29869379663622087
0.32764856079162774
0.29739502781743854
0.29781952019095154
0.28711698483648124
0.29500308768351235
0.29824054518827564
0.29362113542661944
0.29357700407306664
0.2865739748786148
0.29691142146515814
0.2871638770823311
0.30318716356475445
0.30233352805360186
0.2874394315636479
0.2993848033212998
0.29297016014610133
0.29594666317041196
0.32723350596208206
0.2987222785084421
0.2983135299458919
0.29710109674025914
0.2965531300004623
0.29881580423347825
0.29787997026974267
0.28465226405393484
0.29891701986520564
0.7013690329327729
0.2936387482440247
0.29693365660217735
0.29667491697239246
0.2912723184089382
0.28549566144254246
0.29503812093890364
0.29996852494830273
0.2981888190599558
0.2948779134877466
0.30920034449616796
0.29892763111447473
0.29639835808166776
0.28822615076294794
0.29915430435502827
0.2962027083777632
0.2965092576058389
0.28517229767828983
0.29080029404321994
0.2979552304235241
0.29874482066230335
0.7009876014668114
0.3064487537794997
0.290337693952491
0.29792737319633644
0.29351809253426736
0.28917856945222875
0.2945347528028523
0.2974234532278458
0.29806565523253475
0.28769077305667584
0.31449951864592435
0.33383073833737686
0.2935558395779281
0.3016489005645993
0.29207997021969867
0.29312007717996447
0.2883052788743957
0.29849717446221086
0.2912068548811283
0.2949018672357875
0.3030808806743944
0.29304044886417147
0.2954934096676746
0.29648348659097595
0.29185219727668843
0.29510644382629136
0.29940427589771806
0.29869719996459376
0.29891646994917287
0.29341036856552744
0.2951960953073716
0.31555975019122223
0.31604407091206105
0.2991265451786243
0.2942389255966482
0.338607841806378
0.2974420064006871
0.2904858641594947
0.2774783406308038
0.2943688810806418
0.2877525695830785
0.2984380637093567
0.29244391403263664
0.29609330480516055
0.31458478496265924
0.298307467722121
0.3015986457033975
0.3191133844507936
0.2981635284375057
0.2982066011296796
0.2973729952113163
0.2974734480049437
0.2985726736016953
0.30205657193798274
0.3151869753077643
0.29894435257225727
0.29990607238579836
0.297575918806488
0.29822305565241064
0.33465618374452116
0.3183944952170182
0.2960577777159985
0.28263095690549817
0.31148761217540416
0.2998292266413976
0.2852575335265622
0.2970023152477265
0.29424264639829645
0.295025939292812
0.3096229585360064
0.2925469985762577
0.2986057818639055
0.29741493627000176
0.29804709450537115
0.29745783070888376
0.29858413042827864
0.32488668152428674
0.285265013577112
0.2891331612499295
0.29804930410034497
0.2940354437081626
0.2976099427314455
0.340390959540458
0.29481090887275774
0.2954595370885851
0.29084328699433304
0.7015282118176288
0.29804688587056943
0.2930786338913273
0.29703630907466777
0.30431810290542477
0.29325280012696514
0.2885994095016345
0.3206422765298253
0.2880917405750509
0.30280246772822916
0.2968387329356238
0.29869850604404435
0.2997699053286578
0.2984435833680838
0.2886146650408852
0.2853781483463733
0.2985403732674296
0.29421981201257763
0.29606989143396784
0.29630877416148793
0.2853506918364765
0.29131800482432696
0.2917932261635443
0.2986190336032432
0.28560535476206866
0.2972353323901779
0.29791383321707277
0.2953709456425325
0.29760542564784814
0.2819135126597961
0.29648791815658454
0.28768740999482256
0.29799587888145873
0.2961148024240042
0.29788958822750355
0.29746343561656335
0.29163432204447076
0.29726385243672365
0.29933470350292685
0.29955212568861966
0.29583642111834224
0.29867432620009693
0.29387469728164467
0.3051665781067762
0.29546989296378867
0.2941923282335413
0.2962570184255363
0.306516743290678
0.2958954202707316
0.2935861032193765
0.29704424983882366
0.3125146983714835
0.2904660773792894
0.2960821685520379
0.2979164429730931
0.2999989159665445
0.28672490913917903
0.2884242389332716
0.29849696033013345
0.2974538329365387
0.30037269557872903
0.329724560065922
0.2996129210140874
0.29815058555744967
0.296469427784838
0.33083270814091154
0.2977147318878139
0.7004333993930792
0.2950834831159745
0.30142693897263756
0.29860997888116503
0.2969717406738296
0.3039804871793001
0.29687191630478
0.29654606347742585
0.29911394553877774
0.2863838877296669
0.28545374154599307
0.2918765473406343
0.2926406977786538
0.2899693402983822
0.2895284908457253
0.29808672554466203
0.29536927709426036
0.2935679412480159
0.29686150443888665
0.2949222450445315
0.295662393933367
0.3192624250602924
0.2954226224010655
0.29647886098549714
0.28556760509976015
0.2989789053150577
0.3549399460819789
0.30713071866673836
0.28908077042777913
0.2922599153318268
0.28942900715588105
0.30243938884261223
0.29666434627545085
0.29712963743608867
0.29875691496652157
0.29858130397030835
0.2962018151142465
0.29774727430398146
0.29150124888871287
0.2961348042381418
0.2950963756075016
0.2984903352728045
0.3019878742828411
0.29476232772052974
0.29679628127230884
0.2971345204522125
0.29746803180594616
0.29575912007689564
0.2928706196728245
0.2899223235014289
0.2965217939653594
0.3479507852053115
0.29018979674874096
0.2998692709679765
0.29732030810344834
0.2962337273151946
0.280990897127559
0.2833207196649149
0.2948292788883226
0.29829173069981885
0.29586408207163406
0.2971904621718262
0.2958130012219719
0.30966402744643506
0.2946332233629679
0.2925135311596293
0.29510058827799773
0.29145422672262
0.2968661380699721
0.28865462327519276
0.2989831040274025
