0.3371113129687071
0.32810290669768605
0.3290100731413567
0.3165168868861525
0.3619859587035226
0.378430306854142
0.3275097653957099
0.3304846878765504
0.333070335623119
0.39698671675182484
0.3735416225284268
0.3432690399882922
0.3278655827073436
0.33209744160353544
0.6623098219224032
0.33662309483214164
0.3685645807537215
0.380377139450101
0.3288035578888808
0.3357506939025502
0.33237670047171675
0.3307902962653621
0.3378474067666056
0.3339707878015684
0.6616963867256423
0.4055694847839606
0.3272159343068376
0.3791261214308549
0.3313498714282689
0.6655902955018288
0.33842763596399034
0.33326208769628535
0.3334572040647457
0.37089999629836384
0.33231679448099705
0.32482118876799276
0.3356802989177171
0.6652777634428614
0.3338148149168904
0.32672166307107514
0.43283378273560696
0.3369210033872013
0.29872661942689344
0.3346369880349325
0.3318199909405767
0.3277969545976686
0.392387608328388
0.3298507931984182
0.4077955330491838
0.33124755270657347
0.3326333612008126
0.3314273927912261
0.322329113925237
0.32265627862840546
0.3349240690939018
0.33135686209387816
0.38246644438232646
0.33298329991561443
0.33078913699724305
0.3281758575557248
0.3704108034357664
0.42600379115181
0.3318783014488312
0.33463437951930775
0.32957543751706064
0.3357421646638321
0.3347389968843789
0.3343650933457816
0.36878620570254517
0.3357662137915486
0.3704256296039795
0.3315218295626657
0.3819579472974479
0.3330892740483203
0.44438498965344886
0.3312364963608256
0.3381549444171939
0.33609635054578024
0.6649466635811907
0.3308284046896822
0.33264804601935494
0.36629749726082533
0.33491964121164264
0.3348204899912097
0.3314190999349678
0.3362284349220727
0.3383256195415231
0.3185162535730304
0.32808969765990514
0.34291531262413694
0.3291582788589857
0.33731311771157546
0.32607523221366835
0.33348331279610627
0.33387097045131253
0.32080448027996045
0.3570425579356745
0.3332539904919297
0.3347682706162074
0.3958123859249219
0.33388056986356207
0.33658737382226805
0.335559425507929
0.33595212688040077
0.3729359599238497
0.3358586177303861
0.3377135170706412
0.3333754665533908
0.3704969132447946
0.3304108162339104
0.3350931466595884
0.3345919727483127
0.3345301497494565
0.37946880412241063
0.35555976532590605
0.33761295647297057
0.325600367306583
0.36759402251111567
0.3281964947016904
0.33063942000658425
0.33502054261340597
0.6666437841464382
0.35523217981439437
0.3345209958754673
0.37836719753807235
0.3609426419384572
0.3331097264036314
0.6639817449124131
0.35108551798060844
0.6649326000150901
0.33395945002268124
0.3172210943784
0.32820192010037363
0.32285836248062155
0.6637149914223789
0.3353966696882127
0.3562716455389958
0.3572745900021387
0.42136578529255847
0.335176545578445
0.36738579525518095
0.39636675074668126
0.40837622665759027
0.3292942486768659
0.34165019262115
0.3353335148157822
0.33040293397294856
0.33795675382650187
0.3199885363397256
0.32464297096860767
0.6648431810026298
0.3380183948706611
0.33462248168677466
0.3290860817005342
0.33519477111660717
0.3554186229821948
0.3359093464043255
0.33412100248172505
0.3773692248688542
0.3492311616653129
0.34413718840981977
0.660172583436067
0.3361817695056735
0.33294999503469597
0.3209866158491326
0.3251126870154989
0.3683137683978237
0.32831315577690096
0.3316225485761903
0.3361442938570302
0.32942090860306183
0.33621994449338305
0.31461788955494213
0.3798329915436541
0.3645042070140698
0.333967554859142
0.3360631092210978
0.3790951537798281
0.35252301093658095
0.33410733690081396
0.34068224487592075
0.3363972658805465
0.33256093910004614
0.31124139908367876
0.3405781767310086
0.33901520008135017
0.3376451872952701
0.328679532298817
0.33656035396842965
0.334872201714423
0.3934919591961903
0.33155354444535673
0.3371969146024006
0.332571111148325
0.33258972501416373
0.3343211625768255
0.38996729899568316
0.33447501289008386
0.32381197276260815
0.33454182708364333
0.32657484197278497
0.33473007851306585
0.31376478282558423
0.3338139623086398
0.36030639291420585
0.32702272703825164
0.3328010750292417
0.3619571512588993
0.33591567273486705
0.3371256005160882
0.33460789867797375
0.35928985534487606
0.33223785250022586
0.33556911476235385
0.3799708197598865
0.3958169178883505
0.38152070154689743
0.33196970778138907
0.34266123661598574
0.33488719883338974
0.36948414261010426
0.33460410561374443
0.33493908337790346
0.3327181080664739
0.33045055829540027
0.3219937101014707
0.33277498087399376
0.3285536387058888
0.3382823355874023
0.34448672401224795
0.334462062511134
0.3363364073537344
0.3381464473860146
0.31763222009091824
0.3341463703681197
0.33074997996387406
0.3328291324505471
0.39516749235424603
0.6634197918909764
0.33733158359089027
0.36014105398830315
0.33290265477017345
0.3321519499230532
0.3316986443631988
0.3107706383828814
0.3350984781537975
0.3227477995750499
0.3444948050179569
0.33481935855699546
0.3332171819138663
0.33800740344874736
0.3342824642051879
0.3333651677791861
0.3317758080171225
0.3310461911513851
0.3357114641314523
0.3845890021631851
0.31603392714254985
0.330990110640298
0.34438419145718746
0.3331462738664816
0.33529533531864975
0.6605379800837436
0.6649783707613384
0.6623930971626072
0.3306884482494733
0.392796053825901
0.38650451476804887
0.3409422369327849
0.33703679225511074
0.32366566348606873
0.33652922083804554
0.33343752357397344
0.4009887295917658
0.31059365854258253
0.33822125600409453
0.330130735559971
0.3352450563361606
0.39302774686660324
0.33462817942924034
0.3286951888695495
0.32307253424937027
0.31702059884376216
0.33564886256225607
0.32455919245428155
0.36468900050690767
0.335575566619008
0.33339616230894165
0.33186516986013637
0.3309506721933178
0.33530567947842504
0.33782409803465385
0.33456083544485543
0.3699301167545102
0.32996111720698973
0.3340306364888988
0.3467695954427089
0.3386634113061127
0.3353801339440246
0.33193153128527814
0.3942374425086868
0.33489331147966456
0.3353109211145795
0.3343333922563631
0.401910363768243
0.33005044655466426
0.32631052387718373
0.6622094409689327
0.3334502354592762
0.3362261153958235
0.3265759865361202
0.3301417035193481
0.3158542332185307
0.32968867788095024
0.33432537550603264
0.3355865801209369
0.33925270516339123
0.3280598441034565
0.33694065251678057
0.3355956439073662
0.3318070780470282
0.3354364436716981
0.3917101953314659
0.36126956099777013
0.33727919600890005
0.336032632472207
0.32795276362830955
0.3692248450551728
0.3305934667591658
0.3365216891298183
0.33305884492163035
0.33112517802857705
0.31970179805969823
0.668351425520942
0.3244246899390494
0.38064840582013326
0.31764422774620754
0.3370010316659257
0.33252825710409173
0.3398924362521953
0.36942520594985634
0.33424017965481345
0.347437907501048
0.37975199631797624
0.338217280392565
0.32765735868251417
0.3318362693942805
0.3365505379502823
0.3331847895494715
0.3599470048395881
0.3571983049380446
0.3296284052650462
0.3743845704556206
0.333251896328675
0.3139466191437495
0.3378118692587312
0.37596355453992053
0.3273991984206471
0.33268891023767216
0.32834257419904583
0.665390075881721
0.40775072400850626
0.3661155609819238
0.3237632046758248
0.3358218065218856
0.320564733310594
0.334044802980848
0.32903462021179825
0.3372597481457317
0.3638895926001493
0.3355617035726264
0.32957590654264685
0.3872117735802771
0.30746858654907816
0.6642976530164127
0.3380950249059977
0.33255585367078627
0.3367380231906297
0.33577794648341514
0.3346391497124369
0.3351195968940369
0.3427228703321854
0.3336063476637524
0.34554944002088306
0.33391142868429247
0.3484760583874777
0.33172290289018275
0.3355501471489658
0.33528688966873577
0.3367748551810497
0.33758943465565455
0.33524909196192193
0.3288662732084341
0.332921364031889
0.329534911149254
0.3307583309265036
0.33158451021204727
0.3232052180173279
0.38551811777529965
0.3311068703691885
0.33565426338616633
0.39828695662590025
0.3338052549324964
0.33201755739279076
0.33418623871091196
0.3328085486694586
0.3694442377641927
0.33488524792167157
0.32788937827342507
0.33502669911500105
0.3301148024526148
0.3576972968117163
0.35228204678178043
0.33662860008161033
0.3374747218827917
0.32502710726032435
0.3574951420968569
0.36190572244258395
0.34097150991001757
0.35644796629459125
0.3237647481298151
0.321741494547985
0.3286097421043216
0.37693618929485495
0.326646508727727
0.33318821769870416
0.33023160928532275
0.33338935535732667
0.3370137742172571
0.35060019819836397
0.32140995372914216
0.33203378550165924
0.363128597002529
0.36271659938597894
0.33534175443784575
0.3324071158356
0.33505691952436034
0.33195194916108994
0.3291022824690885
0.3085238565575563
0.3468795075017943
0.32956622236171873
0.3570484784140311
0.32955753517810316
0.3326224667600134
0.3357186831400393
0.33282309686151834
0.3362329438420218
0.36974189757925646
0.66346859836294
0.33504091980717593
0.33379565556784524
0.33506475239302164
0.33662070538009303
0.6639870558180436
0.3328913605886615
0.3321727078048332
0.33478315919299434
0.665547168736193
0.3345922551016348
0.3839777859168346
0.3222676278580422
0.3309164354477813
0.3289060882400741
0.3102575134150139
0.33611662437109097
0.3488621947916644
0.3301963024090127
0.33727269630718415
0.39081659607645075
0.3284933917778193
0.3349770179782594
0.3331837271060853
0.6654193105447378
0.3277349597950479
0.33435416909175153
0.33312737385935626
0.33276214077708915
0.6651032336621235
0.3280741689179142
0.346338274805192
0.33513677050297885
0.6654062442477776
0.6647461167119973
0.3542270556254126
0.3359849360557166
0.3288863511427338
0.35952774652762
0.3336509000138093
0.3264226272207917
0.6667960243810074
0.4321496332381096
0.36056713808718327
0.3334215995509271
0.3326252206043925
0.31070059428535163
0.3207786775608444
0.3263911408607749
0.3273248478798117
0.3320387001812572
0.3317923524910146
0.37798471907936576
0.3367602396922377
0.32058377285633805
0.32362390180404615
0.3563575480146838
0.3341721476357641
0.32766643571778753
0.32138903998845797
0.33565579741266105
0.3297601268877154
0.6689705124576311
0.667158930336476
0.3495719708078487
0.3577441601919946
0.3568592919777495
0.3605813320985485
0.42790469116597896
0.33173092359668893
0.3370793463196767
0.33410508433477076
0.38777963985930297
0.33406511299362684
0.3293916294664808
0.32433254253339727
0.3318565883988975
0.33075041297650865
0.3683244861957478
0.37267084286669455
0.6658747744995132
0.3276446232986427
0.32621561492476653
0.3288603237427809
0.3260303973616179
0.33174787748130463
0.3392346386320405
0.33623328977288625
0.33089790579188394
0.33470056763505557
0.3363219888025717
0.35613507757266955
0.3281452966862046
0.33326802890201873
0.3599219380965329
0.33690699401940677
0.33708104255151206
0.3334941494860196
0.334448368442972
0.330770837326656
0.33381209946192064
0.32718637732704825
0.31073677789590004
0.33042346339118506
0.30542815460460865
0.361996964970544
0.3294656405372135
0.33292936310181503
0.6625738222415349
0.3113762333219707
0.32742716863058324
0.34902329159986745
0.33752677844268486
0.33257866301789
0.3171514022141221
0.6628745334753824
0.33805879245318604
0.33490382953948655
0.3582933966648531
0.3671320994733833
0.3208392102888487
0.3361409953011924
0.3315956178390121
0.3319759896537456
0.3364863506217494
0.3317073915645222
0.3184014474273226
0.3363383276702118
0.3333355476956497
0.3363700442366304
0.32636145807402606
0.3990955082352667
0.38372319621625656
0.6635100959106258
0.33576936663296403
0.36037278653979793
0.3347413577653132
0.3626651584842081
0.3359058583104721
0.33504163568162776
0.6637643801855955
0.32670648899624455
0.3626043103963778
0.6610917754055328
0.33045819195668963
0.3254680283539531
0.36745666225294493
0.3369102809714383
0.33419701857472234
0.331783773623813
0.3328939972371545
0.3256839806967952
0.3350208686719458
0.6628130966227673
0.3328616182949763
0.3341567932683771
0.329260413693801
0.339474579103105
0.32292286096778455
0.3470843741507688
0.3308336649045809
0.3643246943154916
0.3270858744059852
0.37055892603907004
0.3200750136107464
0.33333541388028215
0.3314943223057055
0.3316921564072389
0.3326611406951352
0.3369360578033427
0.38014126275108584
0.374832345425987
0.32611536334612967
0.33334816488225977
0.33313907296321765
0.3373524449858343
0.3444284528776618
0.33737053760905394
0.31873259533378107
0.3624776625479784
0.6666340055041
0.3344151975896159
0.663297466749327
0.33560358950188174
0.3518813881389965
0.32827827073073385
0.3259615998873733
0.6602463761128865
0.3342262977856091
0.31656948206577284
0.33237966481320796
0.31827409155613035
0.34967026416964053
0.3542097438322099
0.32864730412168225
0.33103615270116116
0.336360490072376
0.35923871928743667
0.6619858076060194
0.6633000534018227
0.3364661298654507
0.3582330487056451
0.3779653883203697
0.33498264757414264
0.33140460498446006
0.35416597019089535
0.33300881653799463
0.3365738454089209
0.6651599450110025
0.3290975802832773
0.32995656939698403
0.31890128867117745
0.33287455621619616
0.32822975401857274
0.38880144789979926
0.3275521812551184
0.33310059932167696
0.35058410321395594
0.33522245212291435
0.4083680378672114
0.6636020221441913
0.33550010396821806
0.36600358902767954
0.33026297810453875
0.37209225532793777
0.33645242836960954
0.33433972791763605
0.32231097331901565
0.3316153372412093
0.3521674787097818
0.3966237486196596
0.3185396189450058
0.3238299561968426
0.3337050902099914
0.32969470376136917
0.3254822835733313
0.35674125098444287
0.3434084483669169
0.36988874080610346
0.3231437028466467
0.33438232068387197
0.33629467878587826
0.3503121109532364
0.337252069712909
0.3297578525549641
0.3339930720917355
0.36830662226888583
0.33368643968222456
0.32345365793977665
0.3185360710662833
0.35871444592778723
0.3288145359036745
0.3316139188422859
0.3833079469628978
0.3311177826799342
0.33647082819851304
0.33551892890254026
0.3346856744647156
0.3333999423607715
0.32298362166678724
0.32323430817676735
0.3362465423962541
0.33502701252406897
0.33347526016037293
0.3319859900103609
0.33425828009147107
0.32907391395024105
0.3307233068791936
0.33948195440580686
0.33161461813046755
0.3288663195591798
0.3357432729475671
0.33002727815284183
0.32996382408823816
0.4290343303101351
0.33211128996267647
0.3332336838502987
0.3351139706281828
0.6603375058717466
0.44698986633280824
0.3357495432708267
0.33351076693485854
0.3578731798389628
0.36083594428272603
0.3328743774657756
0.3331374036058075
0.32958301498901416
0.35287206288577067
0.3205066462309779
0.38378548953716163
0.664203840576627
0.3307948077071276
0.34464803021422463
0.3246555900849219
0.33423109735850276
0.3308250131959925
0.333268769218927
0.3261845400055606
0.35125535241225897
0.3240407100253243
0.3225145113381192
0.36147359559557873
0.3351471612822751
0.3375355597629697
0.3335362559955807
0.6628508247563362
0.3779770956888879
0.400380280754117
0.3365048603859105
0.33642209387759775
0.36142503844705065
0.3872506312592273
0.3190485191546439
0.29718340589044373
0.6645170691564478
0.33806879880640606
0.33363964659288875
0.3334146273309648
0.3358962766644528
0.3836224146070463
0.3332395623916977
0.3399894882583823
0.3356030665283578
0.33097239015038127
0.3314898917140206
0.32732681715174006
0.32388303286778813
0.3351827250015339
0.35290810881727885
0.36609381858670437
0.39504572637610735
0.38257610867898895
0.33749350727376193
0.38186625081497894
0.33200986045016334
0.3353810249407977
0.3694843477986072
0.3319932332932278
0.3327749022641529
0.3341041420012443
0.3319538195478084
0.3257166662618271
0.37352857607439377
0.357701768677168
0.39378838580685316
0.34206675349396415
0.420912655762864
0.40245066503908755
0.6645116541666445
0.3353381922271865
0.3868427672833928
0.6645455635347756
0.3330688072684833
0.3434931635932691
0.3366824167704019
0.3406728071926121
0.3272203328761118
0.6661211341150831
0.32981219419469915
0.39659366371113636
0.34041303557371677
0.33186092367793685
0.3333822440423191
0.3540526467202618
0.42499658299406906
0.3937264338722727
0.3395278070131276
0.3362773213569807
0.33771477170967756
0.33328305146200665
0.33076387008690233
0.32183859812475385
0.3363021683040109
0.3717582586670638
0.33403095210919626
0.32627564385868835
0.3532459735159921
0.3355524425962865
0.3137564818744218
0.3487875477825141
0.33889204859958233
0.3329614141536986
0.3333964047268913
0.6641708673219461
0.33624736168542857
0.3626140767332316
0.3290334900261705
0.37614491880122386
0.33510864881148733
0.4048528531100235
0.3628737317673631
0.33475138386796127
0.3327153862429167
0.3779530772929971
0.33094251991595386
0.40970657759334433
0.32084297328262923
0.38352824023810883
0.33143345672770747
0.3300447124049994
0.33144565442562623
0.35501441418532587
0.31995783925266874
0.34332097455063565
0.6620034701266031
0.37639166142131447
0.3337839822113152
0.32215678481257726
0.3342835329988717
0.33168457582065936
0.33668973482722425
0.33633521753948925
0.3327587396063996
0.32418186650270403
0.3588904932300301
0.3193957824577939
0.3151984380219085
0.3337341872795387
0.3334718824553533
0.6645381756458374
0.32961410965077076
0.33728307472612223
0.3233998745572232
0.331741472153778
0.3696252266643943
0.6649087272536293
0.3327777674766266
0.3386309154588118
0.3854438260418906
0.3786259154804209
0.33587708401891664
0.32983386572287626
0.6647154752792472
0.3246133315857927
0.33586827048167217
0.33404670705119976
0.3345139531090751
0.3451251296743338
0.3370862583026598
0.33332425051410985
0.3320293603309984
0.3292760917214515
0.33842508045319286
0.33496902150339936
0.6642224205590654
0.33676343110797075
0.33633876320108885
0.6644503898109204
0.4006412075355243
0.6638981559528428
0.3589090590584217
0.3553383777087678
0.3335431029937984
0.4053198070425719
0.330566876108887
0.3375909137676821
0.33310467618846407
0.33162783498176657
0.3299567063033656
0.35271512943664857
0.34490870083304837
0.33629454351486265
0.3631735617242644
0.6647268060646033
0.3563969678078687
0.3683363783165498
0.3314480377960874
0.3372662123877154
0.3482916689225852
0.3406582706431822
0.32429909304357385
0.3308901532027961
0.3217190319329386
0.3372035026167634
0.33304878353930845
0.32983597700734985
0.3358415728374745
0.3180371917137134
0.33428179126751423
0.3257638566463097
0.6650326430377569
0.3297013251848606
0.3340434328805558
0.3196721651314444
0.33705604237565623
0.32624521057515177
0.33571550046078086
0.36717480970782834
0.32813534568980707
0.3302127473593809
0.3691498950845519
0.6623852877762445
0.3348720283645988
0.3063094959332498
0.3329061522903443
0.33443602306291403
0.3356669368632417
0.33183573145898465
0.33641916234134983
0.3350706807942134
0.3868499854759892
0.32928316304535554
0.3318945600734097
0.34509525112266404
0.3299267635392818
0.3333760589836752
0.33377130319332926
0.40908377889169933
0.3324765032241479
0.33034927087627947
0.333482929015893
0.309020092944116
0.3326506818358301
0.3716923517899746
0.32687820684642743
0.33172060355416005
0.39103580359728557
0.36677991454017383
0.32592103788094906
0.3448119251768572
0.33245989445955204
0.3884022244869068
0.33696878376161893
0.39257879701801834
0.3374761985078636
0.3331530409871421
0.3315258320456532
0.3349397023044268
0.3376864885961481
0.33876168373180787
0.3334143603706328
0.3355982200721442
0.3088407888542764
0.3713686780895608
0.3336307743473739
0.3363893566545585
0.36265676375142797
0.32417040543145054
0.33786268515888307
0.33351728755843857
0.3369216760049151
0.3167355103303494
0.32789105696968945
0.6625289267859158
0.39510277449966824
0.3330212086920035
0.334445178683389
0.38923512283319284
0.33229049896697466
0.3373314192713975
0.3367239493874653
0.331316464074171
0.322241841546785
0.3272034031325289
0.3336515435817975
0.3324929388751173
0.33664967133944584
0.3656385597875609
0.3280946727964576
0.33056651519399105
0.337462784793475
0.33186288404997333
0.38944138008232765
0.31847968883944355
0.3371922347537277
0.33246751065034486
0.3318145270146668
0.33538293396873736
0.35314534320634516
0.33188910451982084
0.33382340038730957
0.3309060045658544
0.3206201680290539
0.3355478330809126
0.32823662254042674
0.33498327883108564
0.33137198507090565
0.32206730568198044
0.4032427681098385
0.35245075543881155
0.39979004163759213
0.33774932262890084
0.3706328731765508
0.32892293181087723
0.3349205317314093
0.33023170505364446
0.3354328574207835
0.38804141456781394
0.33084949966034327
0.3326566896954256
0.3137644629861462
0.33402211670758797
0.333234976055508
0.33232517913478604
0.33876256372352825
0.40667277601773955
0.3503926959510868
0.3270313581862009
0.3565501091643947
0.35076995288671914
0.32834381096855875
0.3418433334179396
0.3580025660753027
0.3168683702565171
0.32564927053862347
0.3214462524895172
0.33475845273597526
0.33394101531241327
0.3333886858153467
0.31672494238740667
0.31616316147123147
0.335689165198195
0.3339699457655687
0.3331758477108538
0.32865181743744426
0.33013507327628716
0.4810112984026212
0.3336110855210918
0.33365530829937484
0.3228348761093379
0.381401624949265
0.33039738883576064
0.3321062737961207
0.3359733155915174
0.3330460912279224
0.3568811228118979
0.32727785448103464
0.6621820839530338
0.333038714316764
0.33126078613701515
0.3630883201892971
0.36281643431260613
0.3361559382276702
0.33604333323202007
0.3897804457867459
0.3337189792849869
0.39359395396566305
0.3176112009496991
0.321354456866088
0.3381395579655181
0.33769270828821485
0.32484658068060507
0.663462320441952
0.3807749054183785
0.3355524401443059
0.3144027438442064
0.6632415774682505
0.3367294638006065
0.3360051612742037
0.3370720201118671
0.3356149409434061
0.38755146621966247
0.3133787390133788
0.32966805460674065
0.3285200755000015
0.6634677893426083
0.33186268200727626
0.32489558867861956
0.33103348888935397
0.3290196470453388
0.3355280272244321
0.3331144256782173
0.36854580380059127
0.39853293181094746
0.3361281515719338
0.32694253662069567
0.32286102706701303
0.3317902663492259
0.32906101838775126
0.3133543594203466
0.329488414826825
0.3167018937678357
0.3340344687955807
0.33552703817268986
0.335141137072802
0.6655587324399537
0.33718041479182825
0.3889426388085186
0.6652003299486174
0.3274333977275914
0.4326879845757608
0.33388051731394136
0.36605247258311113
0.3373304328643766
0.33671505904270566
0.3323197290025921
0.32580377647137676
0.38676310017121873
0.3292144079440801
0.3282121745858293
0.3327482410519375
0.34902488665494413
0.41283482700293617
0.3334361898064329
0.33462117326509916
0.33719815065691267
0.3317648947342009
0.37276642625302137
0.3777404139344633
0.3335156584596254
0.33450554081770495
0.33986430379597776
0.3246584635030021
0.32659811246661136
0.32742476279367017
0.33410809273529474
0.3268187337799108
0.3219206053779749
0.33392739943559613
0.3366351508005572
0.3282306177760386
0.3541989002719456
0.3751660636215472
0.6611189076253806
0.33672276399602724
0.3227712118588193
0.6616733231319188
0.33708410179121967
0.33140555136285865
0.3654060075629222
0.3550276887607848
0.3388808020471602
0.3315366369293396
0.33469048922334127
0.3715970498838275
0.33655265861830114
0.3312348140053626
0.3141670161766621
0.33046228270928585
0.3364003092752315
0.33633737005234826
0.3479030405927797
0.40846472682074186
0.3230599760580913
0.3567544255198325
0.3263647613617225
0.6630855446899772
0.33322027158466966
0.3292025127879726
0.3260107127269954
0.33182011608236195
0.33068398519772124
0.3154144927947906
0.6647547236502265
0.33151811306367657
0.3274307151876817
0.33552569668876064
0.3259592629813874
0.32076965511703237
0.33090229086890566
0.32311205903944384
0.333325334301846
0.3306742335644258
0.33024873091891865
0.3357877130361799
0.3373063385857559
0.335122945381524
0.33448591929368415
0.38882086813664285
0.3181446102169003
0.3348253730360848
0.3281826756051187
0.3341394312013879
0.3269802154462152
0.38278780661763295
0.3322660959024767
0.328452439187659
0.331212529664838
0.3583569405285674
0.3252513602283149
0.3369530866863782
0.3244523559042713
0.3325826515179423
0.3296177135933248
0.3340029202758208
0.32635558979117835
0.3360162955536174
0.38635761910636585
0.3433254250544523
0.3644069243701398
0.33394487855387744
0.3217487471045377
0.3367316759207867
0.31338875522512666
0.6642865995629789
0.32936780393547876
0.3380283951487121
0.3365815113430027
0.3331549407777216
0.3756090887649971
0.3194118693911909
0.33094149213018714
0.3331364961200552
0.33234250414404176
0.35681780735151664
0.3357189894142258
0.33529036540142
0.409427792999573
0.33253249267271856
0.34356160353557946
0.3324583895941985
0.3336832517328113
0.385172637834818
0.36828913122526996
0.3275335394337997
0.37155289397277635
0.3137888460031281
0.32943158966848374
0.36902729241855386
0.3356793077144246
0.3234417238234806
0.337079238516486
0.36774212728986655
0.35423653187291315
0.3673407842304144
0.6651770252760081
0.3370495266372654
0.33325092907963977
0.6685750148234347
0.3275123330656448
0.30694751588683483
0.33373018583429226
0.3331859290219948
0.32719389166670715
0.33341333381077826
0.3340509738839813
0.32377465524152765
0.4066390393157139
0.33092139882468247
0.3235528247868278
0.3320524426608941
0.3311677817444607
0.37003570650806167
0.33068270377789144
0.3297353002046056
0.3336848850799734
0.3328339836415431
0.33365557162672316
0.3356664676551434
0.3342952488027769
0.332396104697219
0.3326055923493986
0.3370722328824446
0.4274029070330169
0.33416515829547655
0.36541653349135017
0.3328734178311863
0.32881909487651567
0.33341875097239115
0.3336470305120791
0.3332083761315376
0.3357828434488502
0.3459448729232054
0.33161072107160217
0.663702129062762
0.3328362214309363
0.3671510623853938
0.33413431230519963
0.3235387083738268
0.43968735399435466
0.33568384840455623
0.3288398475806261
0.3345341623541855
0.33171002368277436
0.38566194762093065
0.33508738944672817
0.35741898780211206
0.32973956825873674
0.3113711370264467
0.329141161690119
0.3328257484226631
0.33620966640289957
0.33429470002146644
0.33379375405972667
0.3324855786743313
0.33490544826648755
0.3334745069896884
0.37533589123085653
0.31856532540648214
0.33406625605071605
0.3713984947485166
0.3816525051176009
0.33138397083130594
0.322247017793893
0.3348281754056668
0.33149271103788047
0.36935578253630574
0.3639506333514778
0.31640604345314816
0.33779020472830273
0.3287145508045541
0.3173914847214477
0.33022444147655705
0.32603109003829517
0.3330421438061284
0.3326155894905354
0.3306641706276495
0.3355942046510459
0.32414120632961707
0.3334870002252547
0.3360507657081025
0.33166917752175845
0.33406608839945695
0.328992223281964
0.369201190039002
0.3334678435755413
0.33661348520663614
0.3388408760648445
0.3348224300639273
0.3351896509372965
0.3512579152118657
0.32965722172309164
0.34034273204495785
0.333789759890586
0.3382373568971411
0.33271842552885633
0.37048518000901115
0.34720259883298266
0.3331372346558927
0.36345314358012065
0.6632351789705748
0.3347655946528658
0.3620606995713833
0.3339725094577635
0.33145399519300967
0.3299037405298498
0.32600696980715116
0.3358201079474202
0.39558213209191795
0.333961548941618
0.3337581784844959
0.3291623642799883
0.6613412551222216
0.33703909437084434
0.33648038875259895
0.33017519892022634
0.6612120325848282
0.3156318737170193
0.3373127726244605
0.33013668107046173
0.33494123181746044
0.33643161957606194
0.33037047973718386
0.38301700354366375
0.3533614730907547
0.37107402368338344
0.30323567408900237
0.3378495672599505
0.3134483902916642
0.3489939999465341
0.3351831363761093
0.3586443752379246
0.6640562476908938
0.33306384124641514
0.33546194986342137
0.33290288646762994
0.33073957117266983
0.3319711979173088
0.3409110554612716
0.33478301582772724
0.33459795283450233
0.3377578444578113
0.3787756046169169
0.33542699589988495
0.3295350598325762
0.3340175786209398
0.32635202318637996
0.3563970751449997
0.6620624382912381
0.6639385721755996
0.31439789037568966
0.33086201129033577
0.3257604428729135
0.3485991170562745
0.3797687864771321
0.33682014603634025
0.36656905808556256
0.34325937598050754
0.3775868747543629
0.3722411294292483
0.33039688730431943
0.32820719373201757
0.33789512736120353
0.33176547950475505
0.34854695071260283
0.3468839291659645
0.298133525649622
0.34397261746114977
0.32133141994664305
0.33112560968304605
0.3331358290987692
0.34022054703834026
0.3587281131763541
0.3356080402714422
0.33433448208645516
0.33560890240639146
0.33389816707876513
0.34725868892833817
0.3215356062854174
0.3293427405888549
0.3312186668270464
0.3287085061819678
0.32895082419170363
0.33144190415948827
0.40638717777931715
0.3881016336568451
0.37259543732818123
0.33474407747988655
0.39134318194782525
0.3312232617372944
0.6631493872185616
0.3312097049406796
0.3241889662076164
0.32774191845533074
0.336587024776587
0.3233633685147559
0.3608112121323728
0.333516575807693
0.3255807889192613
0.6651189263734728
0.3315226982297616
0.33258585693301296
0.35216184536688155
0.33504952211094025
0.32683100946584076
0.39607986632883235
0.33712604815907266
0.3337966210898213
0.6648101343047362
0.3304011714361808
0.361116381360311
0.3318080658673985
0.6643407913466676
0.3294601025817454
0.3289759963977018
0.33870850080906606
0.3599887288316197
0.6631939971532999
0.3351869554123602
0.33435785825458236
0.33441834029177986
0.3308597802538907
0.3646988478418484
0.32931114540008405
0.4216324429498363
0.33730771764367057
0.33615208471714014
0.3315099387418959
0.35471505714438223
0.6618704332637535
0.3356107517049809
0.3481510971836797
0.313322941364185
0.3347491674647141
0.6651411976932011
0.33386907200141225
0.3398038805429867
0.3318086738551969
0.31842715835762114
0.32756238343139316
0.36429294795031325
0.3409492685687687
0.33415175394151353
0.33459604286193123
0.3345777582708868
0.3764858069721877
0.6652584882672676
0.31543771677011123
0.3322721264845356
0.3852842920143468
0.38503483175192654
0.35060762473672674
0.3304698597384366
0.32843068196253794
0.33288691035994233
0.332039011324595
0.33731262061817985
0.39368660588945675
0.3575687943229853
0.33497870082195996
0.35245807818591945
0.33174165094843033
0.3261928602733075
0.3333423005700208
0.33382200772960546
0.33141742532746443
0.3178173650596265
0.3356720574489265
0.3335622320894994
0.326175809064056
0.3088390771085515
0.3350969158976056
0.33590688185194584
0.3550580860521355
0.3342689044036348
0.32093506983955306
0.334431018084904
0.31281673647701697
0.33482540025961405
0.36133309721418216
0.3200544511652227
0.3352222320414065
0.3197602063327232
0.3301777420109212
0.33067149285652747
0.33346180183307295
0.33206291284114325
0.3345075337197522
0.3336154226035779
0.3306243781748459
0.3376966489642658
0.3310322799606906
0.3267746798915265
0.3325094311243045
0.37129006289747285
0.33190941077018976
0.33235064103298445
0.6661105297080862
0.3537491372464087
0.3191812895983542
0.3335469495659609
0.66232755324416
0.3251290687582371
0.3352919783332278
0.3304096051294359
0.3372293069408872
0.3374096708230884
0.3326200278253926
0.3340633313703655
0.33542367138123436
0.32356751284060614
0.3657791397862516
0.33074719646065076
0.33423890955987007
0.3300042213892064
0.4261712720698814
0.33780485042253977
0.3340362750260027
0.3234556931614013
0.33350825095309694
0.3190011256310173
0.3252616290334004
0.33425414271639003
0.3330523397966683
0.36005136612516114
0.3348918036484905
0.3307156568861205
0.3329884140780229
0.3340408667610689
0.3320764385938711
0.3895033568452226
0.3351092988970822
0.3446219736675854
0.33675665233716956
0.3344197749006352
0.38610828766731164
0.3919636493501629
0.34171779967496285
0.33139608370671225
0.3983575236694065
0.32921950716468806
0.33764764222331
0.33761666447843586
0.3340722806829447
0.3438170500746491
0.33090483356856576
0.3378170236851294
0.35055547535050274
0.3358406562195929
0.3369694285202242
0.3586296690356986
0.32875446574354433
0.3278302197505237
0.33464048576690336
0.6624360683620217
0.3188493588374544
0.332175258307376
0.33607051708392927
0.3362795579358097
0.3427951845992919
0.3513327993665451
0.3319942533259202
0.3395221082391262
0.33451658023061953
0.3072478004136178
0.32827570555881297
0.33481571272657173
0.36832068867577017
0.3362505248924309
0.33380124105887504
0.33221463964220044
0.334479011060876
0.33107426524864325
0.33175641927226124
0.3277722911191612
0.32183447971855283
0.32685590303862166
0.3332790817334355
0.3278233966239512
0.3351903963439725
0.33153253466779414
0.6629377061072528
0.3297641214807537
0.33428621494879335
0.3784502895319601
0.32267626276772376
0.3279296501932911
0.33370642939320766
0.35811697318747604
0.3617683882235405
0.3763975619531933
0.33375845560797823
0.34783525147238187
0.36758358908604655
0.330760623329186
0.3434408107612064
0.3503340673226256
0.34562033711070733
0.3672555596721633
0.33225727633762653
0.33786858889418603
0.33779521424194087
0.32272096471086303
0.33154964696848677
0.3358610176171033
0.33630461686728297
0.3273264448493761
0.32608570529447356
0.33451846656579
0.3690229826660675
0.34952308800929227
0.3634263452780177
0.3345164755105489
0.3309891825292336
0.33180279760468046
0.3265399917838855
0.3353854607084028
0.334952626379455
0.344905170381439
0.3311057004698618
0.3137431636987402
0.3336563907924838
0.32792790986835135
0.3354971091209669
0.3625838371185492
0.33034410413767457
0.33376189957184044
0.33471544169702927
0.33444547644862255
0.3362000507808847
0.3540236527421333
0.33607692854925547
0.3325293199262688
0.40413676313916375
0.3301776499296695
0.3957842830686548
0.32606690378119296
0.33540699705490556
0.3384335830520004
0.3566875614606355
0.6642261833304466
0.33020240403213363
0.3661105765491478
0.35167989072544387
0.3256108567816608
0.34102895113462856
0.37066204164196814
0.3284511138687814
0.3295573932962019
0.3326020557151207
0.33125368054818605
0.3326597270137305
0.32789568055616874
0.35447814562683455
0.33739102885262784
0.32920478860369395
0.36984737985830024
0.3320290687377558
0.39286046566170246
0.3287591877950198
0.3867882725913089
0.6623089947542946
0.665443213532728
0.33360403360682184
0.3068350403140926
0.32830063097191226
0.33165494869836154
0.3349644127265366
0.3270576655265234
0.33517815123575007
0.6633698606999785
0.33673113608837413
0.6690861023761184
0.6602054653920552
0.3328109999429652
0.3314872634845454
0.3508277974020052
0.33270839250255224
0.4016887023007398
0.33642693396219986
0.3363475808492319
0.3886349627217364
0.6655165402928698
0.6623742255326331
0.6633588567102828
0.33421924800349834
0.3315067406366366
0.398550534355061
0.3746180767182627
0.33367678798821404
0.3340726737084673
0.33787508944801414
0.3305747161030384
0.33175464572148583
0.33515275449049425
0.3328427866700022
0.3273413499007911
0.3350133477971291
0.3350168649788721
0.3097868832743094
0.4059699492192205
0.3316231959601501
0.36585073282522373
0.3301434940452227
0.33149488214661865
0.3512831918993511
0.33543738328499784
0.3159067794058304
0.38965797006462144
0.3304817379073578
0.3321824260871574
0.3293815222908621
0.3459742040743518
0.3554370986235842
0.36455692093390896
0.3892533781280533
0.3297319667170179
0.3475536522303523
0.3324962780976955
0.3549027056469074
0.3447589782874713
0.33333366112543616
0.330362404169209
0.32066683784452776
0.33366971284724145
0.6616931931043739
0.33324141279600145
0.3297598643188235
0.33071506391972194
0.3302967130547981
0.38013539683360303
0.35541413392721327
0.33596245413842324
0.3757646679009127
0.38396511251325877
0.3324868710252795
0.33551495394674835
0.3291115363343939
0.33064506591420395
0.3319598201107091
0.37233040442475773
0.31861284057666217
0.3364181626876378
0.3362623323702087
0.3453317553320372
0.3335604518360065
0.32777063687964464
0.3368449437684765
0.3386858667154499
0.37699452050714155
0.3385147520343076
0.3191049887633841
0.3330146723077097
0.33074650138678746
0.38359874578086317
0.37082134754790697
0.330428333953944
0.32794617019320565
0.3337778461038524
0.34926711797319304
0.33344063588192674
0.3346134332459334
0.335377562837815
0.3366096591639147
0.38958714400973155
0.33052550315348056
0.33835336755468914
0.33046640469135413
0.3205224265307027
0.36488405575854127
0.33536666992752123
0.3754752900554463
0.4488990216780384
0.3450524495101717
0.3283758863267266
0.3124963469257773
0.3371892820070418
0.32795009628773564
0.3764831267821545
0.3535347610050232
0.3893619874892723
0.33071482585616185
0.33422929230777243
0.3784303235594685
0.3358289117092718
0.3306315462775872
0.3761761743845305
0.3623378978460004
0.3687516087897709
0.32373284561426985
0.3331283286504968
0.3285552355611326
0.6650364812151314
0.3275893098654845
0.3384867999295365
0.3528726081284517
0.3813290206285862
0.33806459130599464
0.3348787850787476
0.33349109596374477
0.33867488388104905
0.33589469504806274
0.32890096211366615
0.3416800036697401
0.33015800605300527
0.33680148045202835
0.32798900556357263
0.36064636804538686
0.33435130891509435
0.3193421586996576
0.34613197226168535
0.3346484486753666
0.3852043947555801
0.3350757925732431
0.3205996310048659
0.3203026490225569
0.6632755251337549
0.32077667065983523
0.33451501329802596
0.3353512511934988
0.3307887643019819
0.3351431611961264
0.388739674542683
0.3589945038047937
0.31811149977982894
0.33135128577844847
0.6612004597729778
0.33372642751270803
0.3326773260967102
0.3292683425506465
0.32584561176090365
0.33979535693986374
0.33517527856199403
0.3075624113531689
0.3326999572673155
0.33396221699618583
0.32579686231852245
0.6601757208855821
0.3384524454984025
0.3344447958523675
0.3318448964488169
0.36101857052848835
0.374103801450392
0.338069589635476
0.332164583105353
0.3441543572939629
0.33181949317564
0.33391702150088937
0.32073132158499806
0.6629713161591678
0.33738343602284504
0.3351419620164493
0.39489905870999004
0.33407775748580826
0.3210932886187023
0.3214886746112295
0.31803416304604654
0.33499750254405464
0.33003325764450514
0.3368800083689497
0.33559746772463767
0.3583213282068153
0.3317860898721
0.3329249382919241
0.33581166995654904
0.333691158496629
0.34961580311158486
0.3346756001713219
0.3652962864449962
0.3344651011237713
0.3341355842443116
0.33406456702913395
0.3174789678838969
0.3114851853886946
0.33498947400345863
0.3393878493797753
0.33291617472915136
0.3355391223175982
0.33379265452788637
0.39016088306214824
0.3126680434244823
0.329130143491661
0.32735649894443636
0.33572335064662107
0.34829732464437285
0.31426745632038716
0.3642993534341223
0.662833794204725
0.3361932651908409
0.33550617905355695
0.3578867563782095
0.331416569781689
0.33409985837896
0.3208876512511738
0.3341049186339993
0.43024758027390325
0.3348596282973069
0.33399423131326933
0.3645851245599491
0.334046741911494
0.3322969302034531
0.3354051691110857
0.3585402345494405
0.3373243944793432
0.3363971537485927
0.3378273736381243
0.35088357199798614
0.3338201761159931
0.3337754109750988
0.41476422648348854
0.33269928542202354
0.31050637523187113
0.33093871477688513
0.37774713305477686
0.3453066870404721
0.3359250554888125
0.33520266980556274
0.32923118200462076
0.31342646895532483
0.33037290565961475
0.3345272183895967
0.3293365236501689
0.3169007227715226
0.332525587361875
0.35729029548550806
0.3774519702504959
0.32546903740787214
0.3304019490841978
0.33582863718402817
0.3365948863966647
0.3290172620266132
0.3706471059287758
0.3307146493934864
0.3537366094100486
0.3361134670778598
0.6635990336900833
0.3857567366796204
0.33881341929896075
0.3325477666523181
0.36553833424222704
0.33691691502909354
0.33137623956810464
0.33856441314188657
0.3911455400175679
0.33226877114189124
0.33193009405851653
0.341803430305707
0.332515631637479
0.3358245921747762
0.3669628110063932
0.4165947418300924
0.35905048443762877
0.3816276066220122
0.31972138844662806
0.3860317484852719
0.3950575943759434
0.345797484381643
0.3381485246064571
0.32931872308229393
0.337277569489508
0.3331223410679303
0.34303371906611296
0.33368320072387486
0.38096691788225595
0.3319134891622824
0.3361122018354012
0.33428541577052895
0.33719603031071355
0.39761404526267907
0.3326145141663333
0.32520823557584183
0.32460304367687876
0.3342112237779918
0.38234756368617545
0.3332676277148651
0.3349856315395558
0.33327335717490936
0.3483806675416793
0.6644218230895106
0.33635561602913483
0.3283585926910529
0.33451240655474523
0.6616983290800887
0.33717374639709374
0.3276602393711461
0.3344238568637769
0.3204795507803931
0.36235776757807936
0.38022254160467683
0.3944291006846469
0.3597614251972629
0.33351796191153427
0.34520380210257673
0.6655005681012262
0.3357144011481689
0.32735653815064975
0.31701829172897644
0.334379930067269
0.37647951748600134
0.33403535207007395
0.33708013158251204
0.3329602166013691
0.34527548962288146
0.3643334155811648
0.34964326256583234
0.33708193973659545
0.3264096948905627
0.334040376429427
0.6651666879659662
0.3261478047863943
0.35629731325827996
0.32593935708931004
0.3746026599110149
0.3348826175522281
0.33149137262417433
0.33420250279747704
0.33825735954426883
0.3248593056493518
0.36906889036151475
0.32968564102369086
0.3330866103022832
0.6633582898032362
0.32128440204197456
0.332866776350289
0.32341723847154624
0.3785024965685026
0.33667215096089886
0.3332163958368843
0.3385102061471985
0.32579421917799917
0.3339721313375343
0.32605288286903567
0.3271192217875846
0.349675243470255
0.33796534121631877
0.39531583333865056
0.39602936150810797
0.3581828667241153
0.3328031770895935
0.3737513775872804
0.33954274801818113
0.33110242646303345
0.3189339505125028
0.33320725207787993
0.3455650469854811
0.33636377942221557
0.3357760566690337
0.37607545126721553
0.34340130120287093
0.36309524424832534
0.3352770706261207
0.3434191359472043
0.32864579460268467
0.32935350741417097
0.32168916862476904
0.6629075694697891
0.3778511933033939
0.6670781852102763
0.3265524348750569
0.31473511996861936
0.32906007979991136
0.32784131609327966
0.3343460572234478
0.37370014015084557
0.3353059439406825
0.3324555356077049
0.36675098070772655
0.35465971260116436
0.3380088916974676
0.3250645235919724
0.32546544519834575
0.3359739552306912
0.32915341625742384
0.37679396013856253
0.33898376765898064
0.33430215585326156
0.33562770451256935
0.36881385830625474
0.34313810071425443
0.3562410825027233
0.3268900841291966
0.3273349612347092
0.3323109157801704
0.31977121692101773
0.3473988997302982
0.6590749038395702
0.35207705343249773
0.32248379179086784
0.33619014413825776
0.3332323957760144
0.6668992570442316
0.31944733024991884
0.35581439306915436
0.3868819072674069
0.32879265948653813
0.37258815300968484
0.3340613749136827
0.3413924029297961
0.33389867288096164
0.32468193226863645
0.3890624779748986
0.35157618626349774
0.33347670737118357
0.3319437417555806
0.33513179858141967
0.659552164156148
0.3626232772740185
0.3296568841841929
0.3390852380092159
0.3401608451215327
0.3892085727914248
0.3660077069922117
0.3355737624051104
0.37442208731769105
0.3333507975549007
0.31448080157387787
0.33735950166094586
0.33618333504265147
0.3354193613104701
0.33418655162233263
0.3581447103226613
0.3305048227901348
0.3357351040982372
0.33084848069951117
0.33507188192915194
0.3342619722137416
0.33083307936337325
0.3208304641055885
0.33355195523503606
0.33158497605963183
0.3331686378935851
0.3577250309692843
0.33577155009501103
0.3179801492648239
0.33559482249630085
0.3683754924085407
0.33793097507701264
0.33771973520436677
0.3318235907934844
0.3273398183953946
0.3861779228943364
0.37604784883385345
0.3389703562604588
0.3327701674097905
0.33535244067346937
0.3325362759264716
0.3197619962226032
0.333578271079351
0.3353340558739298
0.40373759050555047
0.3591543836177022
0.3688433417333409
0.3329709779151954
0.38414462183552883
0.6664066264775419
0.34651754238221144
0.4077782786088694
0.3329296101895587
0.3327820214071946
0.3317830794626103
0.33478105849924683
0.33133531206516503
0.3396346999978389
0.4049665456903645
0.3691023242994309
0.3799099337932353
0.3269602061323766
0.36063336758952824
0.33907955308922555
0.3346158208191754
0.3951381632254707
0.33926236883608607
0.37119154475803734
0.32458198637334645
0.6634596440570005
0.33817534973191066
0.3362135188953655
0.3657699782355753
0.3257118591975692
0.34603283020098696
0.3091153275245888
0.32243237492481425
0.6594244516419719
0.3329401697013507
0.3769061829154433
0.3965682397405447
0.3349806849611339
0.3357047977324825
0.33379072615812966
0.3299293211752315
0.3493322876008396
0.3356082344675805
0.35222543262720396
0.3378677433704064
0.35811268936341717
0.3278208878523773
0.33808094104240216
0.33647777774547216
0.6650404653682778
0.3364150488212347
0.34085332766127413
0.3359746135055262
0.4154662357470478
0.36852393137125394
0.33702995634811833
0.33722681502932483
0.31077056714166473
0.33696892613311413
0.3366283428457108
0.33116351807009664
0.3314515089745887
0.3340330906531106
0.32677004142373406
0.3302806788614939
0.3320665927833002
0.3891500598194293
0.3627314394209944
0.31939301415901533
0.33158394483214293
0.32560944516971646
0.3361298225474392
0.3238467827254538
0.3229141438985386
0.33199410915452593
0.3389482271650895
0.32678693088956745
0.3318626027799556
0.3189371542063398
0.39092148718946634
0.33482885828269604
0.33427267041813685
0.3364032580034309
0.6625574207634589
0.32874039501464525
0.33349637603410925
0.3297533946295683
0.3366894274711244
0.33264507962891904
0.3330705400524497
0.36120208195256975
0.3370404480776253
0.3315531697902026
0.3173064955056395
0.387911401844303
0.337210236755128
0.3607534832101143
0.33699359751694224
0.3319442058837798
0.35402602623166174
0.3344063818279694
0.33754393682658895
0.41077281323580744
0.335756003651847
0.39265413936588905
0.3249620583973564
0.3363733664552227
0.3361446154003504
0.3402042599392277
0.6649153860534115
0.37830269381841997
0.32451537917407197
0.35048824090113
0.4177595264295841
0.6642232862560149
0.3336525151734735
0.33363683418778256
0.3354041989473781
0.35311596965652303
0.3731637523277132
0.36089761564880485
0.3338085263712926
0.35726214807378315
0.3387847466946162
0.333878042112055
0.3312985730655992
0.6659703847159772
0.3350054075566128
0.3858358336541955
0.3307253282169292
0.38231059765142816
0.3330291253041582
0.3365986140927811
0.329178238626876
0.3111117710208236
0.3319509692899423
0.36259646388442096
0.334812237888903
0.3422656207210692
0.36577833775870006
0.34616974867580946
0.33853985004716064
0.33168057098901976
0.33251558318733304
0.37335676160508113
0.32636545213993107
0.32770775927190343
0.3338369119634333
0.32978247088748175
0.3343237030043816
0.3346133448901635
0.3352565296141657
0.3429757841852074
0.3342673322817816
0.3615088406234077
0.3328849749748219
0.3251667728595274
0.33306809269636467
0.3337931770792953
0.6646795936819853
0.36435136615123426
0.33354085143321294
0.33280567342172035
0.3340944010206885
0.3351086060713245
0.3364312128147706
0.33165653441311344
0.4989389524008327
0.3851213943748535
0.335643261717691
0.37075562817628155
0.3368299686027147
0.35306839309331733
0.3684916531222705
0.33625864648558773
0.32594771000408307
0.3311090282277499
0.6618979940484988
0.3304074953930325
0.35522656372395883
0.6657655930309144
0.3321396732450346
0.363982979351797
0.3860299407395834
0.33472262377575007
0.3360218122429834
0.3334047856598717
0.37831349940617365
0.3322485091597998
0.33969096882962296
0.33161002713078425
0.4030723655525173
0.3360943354300046
0.32205245322988096
0.3298182680561841
0.3373034019425354
0.3270229933266373
0.33488925979440565
0.33486728263517634
0.3325118065549384
0.32007475424902704
0.3244010845587404
0.3747213778189895
0.32844246940932553
0.665231722274428
0.3369369067665357
0.3335274296059475
0.348076510792173
0.3346711053668418
0.33737215741719584
0.3185877348684879
0.33596889589791773
0.6606481273996349
0.3345331920594943
0.33003236050251916
0.3680602134489156
0.33234731301484993
0.33541834823876476
0.32888154596041763
0.32606249190759967
0.3290675872898543
0.38370923893930503
0.33190465479958536
0.32949166895992804
0.3343754352739017
0.336558809687409
0.32780707046995444
0.3281973426102914
0.34857530416194
0.37052151685931733
0.32735513623157425
0.3368005411166526
0.33121019781615235
0.3213402247552319
0.4291141812669166
0.3284461680053661
0.3333725114219621
0.3100916065134723
0.33338530679678985
0.32999306136838796
0.33535647808364666
0.35406733045301636
0.3365583629823881
0.33028099256603743
0.3313867840171933
0.3176355222260713
0.32715280979630035
0.3507342618697576
0.37936847358012665
0.3550208888207479
0.3302759661914448
0.34805112245105346
0.3351671637201551
0.3344968095555763
0.3345120678961409
0.3344481888416805
0.32449530306593555
0.3328813821789189
0.32966751285853396
0.3285545151342599
0.3281957940281409
0.4099478139754683
0.33063048465773975
0.33021452687776875
0.3355729555113423
0.3276162593783843
0.34178120764919856
0.33237872282202846
0.32464780975821483
0.33501540740072966
0.3200974779878705
0.33546230703015795
0.3644926252643138
0.3325089605230641
0.32699018977172517
0.3363489234736378
0.6688241947327259
0.31357820378297296
0.32458662197798205
0.3242573952553169
0.32214094765902784
0.36521050404884975
0.33215133411316766
0.33442434660298437
0.3331095379732003
0.335861387771795
0.3317388473047436
0.3493457670096771
0.3305178507868068
0.665431439568937
0.3313985846122481
0.3292048871726972
0.3308573185711242
0.32852951270067826
0.36862194032915113
0.331877669135233
0.41517671467078937
0.3246743114321705
0.33720374517394924
0.33987869572940455
0.33162107279490927
0.3325110262945984
0.3291836719562422
0.33549470938654524
0.3298345968537882
0.3845507077410655
0.3716130321678115
0.32483366556828963
0.33524442827289574
0.37834870156734973
0.33458959510430614
0.33076273535879563
0.3770528696178715
0.33071196697430383
0.3490136576219831
0.3136979113949433
0.33864577608224794
0.35874482352693027
0.3348345465160885
0.3279267121669678
0.33768094450700537
0.3738481147460373
0.3353598037509148
0.40894667985434074
0.3376401891053742
0.3291971602600228
0.3344723067238344
0.3744920422158617
0.32065490558749604
0.3382342595995244
0.3241302555106402
0.3350013085002314
0.32917483124514857
0.3295602172230157
0.37991589160511646
0.3370780392605144
0.33556492947230115
0.3286848412161324
0.33580264256567544
0.33146808415415774
0.3602979640938363
0.33203484472585604
0.33029190074472814
0.33320484033277
0.3314875436701086
0.32666246106401337
0.33402625642791495
0.3317393168129873
0.33726900818002503
0.3339296808116312
0.3316769730050048
0.40954393937912226
0.3212004436615395
0.3370543212308143
0.381636366948409
0.3191951241488428
0.3611088688158386
0.3324504953586751
0.33580787284857977
0.340920809531026
0.3367662982665859
0.4130244952461666
0.3282168271043856
0.4066122055650123
0.3284842880252053
0.40652858815625215
0.3238583162403308
0.32095795163745783
0.3700134350833132
0.3334266614820175
0.3346025988531305
0.3263459131137906
0.3354891549914231
0.3343287722222622
0.3299898879201205
0.3325392123638721
0.33728415978705695
0.33577447059992227
0.3540722613109482
0.6655043147336633
0.34930940596912713
0.3347453676764422
0.3233918919662277
0.6650753947176696
0.3346780284234141
0.33365002300051105
0.3637220453715918
0.33481407229706034
0.350838048826527
0.3714142003793083
0.333388521383502
0.33363232220507916
0.33629699915541367
0.33384466396354745
0.33634015573087866
0.3368980988267241
0.3354628523491468
0.3281127270284255
0.3354715966948435
0.32666717123119243
0.33728064591197765
0.3355203416744944
0.3347601442734117
0.36977793430678635
0.33499895661032836
0.33134866934990986
0.35432630558485406
0.33848833330186495
0.33771778629953797
0.33551455093015187
0.3254398739497995
0.3298037164014948
0.3325955407428727
0.3259566699141807
0.3895717793896149
0.4335536095178445
0.3308731257073594
0.38783530053328025
0.3350110421286241
0.6622554933977649
0.3333856500084811
0.33663363947172886
0.3183500238606653
0.32645986334850857
0.663677167504018
0.3564739420155176
0.3357037398677637
0.31456556434056815
0.33637168499413006
0.3314353018996771
0.3274689494412571
0.39015732551534044
0.33576851385264683
0.35096196315287476
0.31896322570059965
0.33786293763571923
0.3562728383896139
0.33177966346615995
0.3359008061970083
0.32296870720514825
0.32244529892311835
0.3700556260298747
0.3941112043712499
0.33507168815599
0.31998316900326956
0.33398957073056623
0.39914810825079355
0.36183694722562865
0.3480009429747836
0.33768620495515156
0.3349565522340094
0.3383935629229599
0.32994290254291064
0.3886113846748815
0.3679705609880412
0.33267775420865014
0.33085742168864846
0.3269816504817737
0.3319755783180605
0.3217062260960232
0.37159964629527537
0.3360039396051744
0.6628276997646261
0.3371923545489373
0.33562743669760003
0.3283682900861829
0.33617885096049693
0.35084204223838616
0.3341135800733079
0.4208941570841828
0.33462058243681586
0.3237214865977475
0.3429542597689239
0.6663570770579739
0.33491109679725595
0.3344155170961433
0.3238317319048276
0.3341242329311248
0.317845782814316
0.33304268416516924
0.3703891202340862
0.3307729358700875
0.6648395280172485
0.3356003489643223
0.39061848596523513
0.33435986694207875
0.33431192507412516
0.3275085535742996
0.3341559770122607
0.33049937045165056
0.32926999999682555
0.35724942186414943
0.3291827861617466
0.34255842232808015
0.30920637020159614
0.3364209071869966
0.32882507944335376
0.3351445442080786
0.33591169540769783
0.3508776694153541
0.3319026354753589
0.32509240593083294
0.3310497900725881
0.3363514789532332
0.3536490574437163
0.33539214116497756
0.36377663121035586
0.6602560497239935
0.32991003646825207
0.3332604959827642
0.31757507620324565
0.34081451481441005
0.3269950170110765
0.35144046130109435
0.334544482716747
0.3298361319918402
0.3241349863248075
0.3739412050611179
0.3317875148772904
0.333693204742413
0.36148499684777613
0.6637771889105569
0.33031537355826496
0.33124492179750714
0.3333185822618307
0.3282650970768949
0.322685906817492
0.3276464015075199
0.33936020000793016
0.6626122482511124
0.32643267271704735
0.6643195433657677
0.33275539954559075
0.6643812529715853
0.3327883047619297
0.31883053931792177
0.3314132016747883
0.3342084259869271
0.3354165403615856
0.33483359827363457
0.33535295201733617
0.3193370789890821
0.3332706004510494
0.33665677773776154
0.3304557228372152
0.41770110922429093
0.35514836179565923
0.33776317354302615
0.3362903310383235
0.42921841062451166
0.3267264465444426
0.3353365748274836
0.3652691487660051
0.3335960513546235
0.3611931692337833
0.3124101018219666
0.3287159138115089
0.38638873067040536
0.3350802989944381
0.3309008703754673
0.33619161125360647
0.32928201750790825
0.3299542834927028
0.33430114792375004
0.6636501558960078
0.36762998271124103
0.37964091810760103
0.3946671615857434
0.3256748877229345
0.40882761106235554
0.3354525544749649
0.3289924848958155
0.3441855540057526
0.3328099429134578
0.3723335992549337
0.6640386650628335
0.3378382035482554
0.3299375858137404
0.3615832171238151
0.3316280921138486
0.33172267259816257
0.3733076823799213
0.6649438713578723
0.33485021877059196
0.34204240966697774
0.33058214729146185
0.33365489462768044
0.3302707649649461
0.33598794341516736
0.33657586786691585
0.3317889531211721
0.3323591211583692
0.32055685419518964
0.3336804661387824
0.3359949469988758
0.33442982253218584
0.33079398069222177
0.32008928284921545
0.3260454993356055
0.3342440390026784
0.3319542148747444
0.36552087783752635
0.3844271000770179
0.6657756120013781
0.35639612658706066
0.3334718396465221
0.33139440495873773
0.3406955717474824
0.33424871158960934
0.37836824914469663
0.3340988481436611
0.350169028003831
0.3324364982607445
0.36796321557531264
0.6589263915530709
0.3294857690963327
0.6667061872796586
0.3949267861188192
0.326080496237317
0.3337857720062294
0.3276882718216278
0.3311075515601337
0.32746261478279587
0.3315964364374568
0.31905594838029416
0.32890939089131177
0.3250246303846776
0.33025337952585454
0.32479989893802036
0.33612825380200856
0.3321214012230218
0.3103002629623713
0.34769344661431417
0.3357230915968429
0.3314911145647832
0.33378144159005874
0.33347404023483657
0.3568303258625962
0.33381825381085173
0.3383644192621334
0.3324913806523349
0.37054592976882517
0.40611331680769636
0.3347626172907048
0.3306576258927642
0.3781666733646482
0.3304898029665257
0.3346455668632268
0.32271078140129467
0.3337116308584605
0.3356426654808417
0.33474280651027694
0.3689944493492847
0.33550004136187433
0.36821200098325074
0.33560488908823183
0.33736279956630577
0.3323084300705809
0.3316230787753822
0.322164750330056
0.33157066244154376
0.3286392781712172
0.352724457153774
0.3325348234058721
0.3249599972656826
0.3352631810704315
0.3347140445984891
0.32098203411637877
0.32216061376055505
0.31724561614637536
0.3335851616133312
0.3308254109512944
0.328269208403164
0.6658499357004422
0.33324636851813444
0.6618016500417323
0.3255257597721782
0.3261191769099832
0.3388103102678547
0.3183921864246564
0.33119948328267174
0.3232290781125665
0.33767290030294544
0.33362162089119746
0.33525560287811856
0.3282548611572455
0.35162346142196627
0.3333788053075054
0.3280007001821057
0.3274137273771523
0.3339626864480685
0.6644128115624526
0.6649113700283101
0.33267345047497704
0.33749654344160746
0.38569737207127563
0.3481505396333187
0.3305870065836728
0.6625518597589014
0.6639022214419162
0.3363539908450641
0.33511589737088787
0.33142988217490166
0.32238117958512313
0.37218652304769306
0.336297986875818
0.3176976695675648
0.3374802931041442
0.33444189049242634
0.3835687425567374
0.3363773492228877
0.43399487048209257
0.3303732321271919
0.6620407686638874
0.3373160152589604
0.346344464633316
0.3315063725001732
0.3812879388158995
0.3563987496257923
0.32598060829337494
0.38263609352904704
0.3316345047779828
0.3358962871809014
0.6652152404745381
0.33127032317235616
0.33392855864829535
0.32814020431212054
0.3611766172505181
0.33193036662161696
0.37597307659196555
0.33082557214787184
0.325989055859367
0.6610124249156965
0.3376487274725595
0.39489700128607624
0.3327773943246133
0.4244197552017814
0.34722258127399497
0.3287211333583132
0.3411087088593378
0.38511219649345724
0.338908531642346
0.3360010010391895
0.32556101161110595
0.32889353569163327
0.3509470705075282
0.3331180753090011
0.32968208520969877
0.3336287875958662
0.3307987267573038
0.33275008336078227
0.3807478120050494
0.4397507087760518
0.33560877388106664
0.3337861771816076
0.3332305618026263
0.33424621841721147
0.3399691934850533
0.6640594822617396
0.3704784706992349
0.4104927110177481
0.3306561912548882
0.36521630883151196
0.33887576310467804
0.3832264132711681
0.33545945397774557
0.32676769363993324
0.36111382087115784
0.3959473695116744
0.327166936448178
0.3338320679529702
0.33662211443695106
0.3316703183889035
0.35550066204781555
0.3503435835759626
0.3456760778027863
0.365422599699149
0.3339225391780697
0.3376157504471076
0.3355060042433018
0.6623850054884944
0.33132334526634916
0.6643739774110531
0.3308279581165072
0.33037797452367024
0.3161031722806501
0.3365179885034753
0.4059920077880542
0.6618109352706594
0.3301609408128147
0.33174556512916853
0.3299806690727491
0.3418968016990733
0.6646382905622914
0.35220559822241915
0.36588394994792633
0.33728373282991136
0.32834726472731424
0.3338873583266241
0.36110811190056746
0.33000928448568856
0.3477186619583766
0.6657091400195557
0.3887039163521347
0.3306707171172039
0.32519443316048297
0.3355250342376449
0.3812745454193383
0.32150607753333993
0.3339342651801989
0.33276985046712737
0.35077917152510235
0.33426267761065237
0.36149315754970723
0.33301116833036826
0.3756884251370838
0.3383220313615603
0.35932383783427974
0.33619983861288044
0.33483678245055176
0.3868253569695568
0.35731990129109126
0.33123875363376565
0.32624968961441936
0.3057097962050946
0.41696244462594034
0.32828694727865587
0.3367207056942795
0.3299157703041033
0.31938526104831916
0.3727681215659024
0.3134891484191127
0.3373933076742316
0.3333460655198375
0.37105240461231725
0.328066000702298
0.33613375026457837
0.36896526855749395
0.299375387013016
0.335101359644326
0.334151223121597
0.37719794737476325
0.3327270129263412
0.33471966582112045
0.3295521308135431
0.33639016479719464
0.36189175616868435
0.6638552175688919
0.33085341726133377
0.31901296563720766
0.3305668617533974
0.3447636535873891
0.33381965163061184
0.3430301046211189
0.4111744171379023
0.33644307176179067
0.3580478445813204
0.30771763595925383
0.3296767927769458
0.3366793377844794
0.36672073014491713
0.33556939852815537
0.33838450013416344
0.3380806959825683
0.3505141607975795
0.33327169454566385
0.3325641387042373
0.3249089141885651
0.33257877610214953
0.3283077400839817
0.33539634993432615
0.35190997625182857
0.3268075976264873
0.3223558122250225
0.331209505197274
0.3337203405496507
0.33137951633441415
0.6610802946148042
0.32576380928639403
0.3527694589022107
0.34415342557037787
0.33960559933739515
0.3380350447248851
0.3462398231039553
0.3699388553121363
0.32717042716561945
0.3340660326925561
0.34358243119920995
0.6625015790006376
0.3362173054400619
0.36920003405231044
0.33168526461638154
0.3686253278186403
0.6634536769067924
0.3363196209931875
0.37345206616206683
0.3524784941221591
0.38789120104725155
0.34677131949866413
0.3307252903450131
0.32543286067637744
0.3253105709456705
0.3026385695815379
0.37655725242068333
0.3357717279067069
0.36689100816372205
0.3756768614342018
0.3361939705631714
0.34806500677281754
0.3363040028762972
0.6619800683007482
0.33626523727285373
0.33481342442388795
0.3646705287647537
0.3326751694207458
0.35351687905949314
0.4145959687522772
0.3139020908049051
0.3181004019137964
0.3604991164105339
0.3331042007900513
0.33061391670963397
0.33980650772231896
0.3431146250013578
0.332954508291913
0.3356304986599754
0.3281920761834716
0.3342095240916289
0.38571786787779644
0.3361869838784521
0.383382240694975
0.3350000938692834
0.33449378473131297
0.34292194776806983
0.3356575978877758
0.34385605000947495
0.3366829318251997
0.39258858068149477
0.3339842176405234
0.33694829179297847
0.36112478121839503
0.34120429000969416
0.3338019411828731
0.35061194252634675
0.3739061642900983
0.32522886383227606
0.32462073566071464
0.3556718503865729
0.332620374253362
0.33172685995451434
0.3009973343691741
0.3341357624560839
0.6621665641500549
0.39521155538270863
0.33220063309978143
0.3155692285295255
0.32971775786221463
0.332596966957403
0.3644482250630221
0.4118823263917782
0.3491418119747858
0.4037889206766889
0.32301246729088556
0.3317734133495013
0.3349594334640323
0.3376971043542211
0.3668808726010311
0.33022563898205665
0.33540743874982154
0.32776152747112663
0.3532645184408234
0.32134029946007875
0.6620360877081092
0.33174777093964763
0.33440612599350505
0.3320557390762214
0.38989347400750834
0.33301436462462636
0.4063649336822383
0.34044712847366154
0.33694006676811494
0.3516629925710551
0.33404968614835445
0.4085871068942613
0.33325549844182445
0.30970412131907193
0.342841487702112
0.33455939227907183
0.332251229483238
0.37972724113322415
0.3339210328795986
0.33016988688937565
0.33184321263175537
0.6618276990359143
0.38000354819286314
0.34726771273587215
0.32835571870001545
0.39918241319912656
0.3347018541221728
0.3475151648293383
0.33234693135008214
0.34158105011331086
0.33200215574643993
0.330449223227354
0.3265243119673428
0.6620224582820132
0.3281641696614783
0.33298939757981194
0.3154722604603661
0.6647401382255342
0.33324303037833203
0.39129867135266266
0.3338537781734245
0.3179246849598607
0.36947371094615145
0.33381919558711
0.3260240258154641
0.3301410882202543
0.38792354514253186
0.37245409621676856
0.33950429474768423
0.3218696103195217
0.3370937633286313
0.6629418073457326
0.32551363791109805
0.3317264129693492
0.3347977303722696
0.3335293815493288
0.33590166271192234
0.42078216466138213
0.3538759909439622
0.3249393832865804
0.3233055624638667
0.3373267996478154
0.33370878382996444
0.33810780846632993
0.3606726789223099
0.37454767342133555
0.32877619453944557
0.3324496383507866
0.32990773674521506
0.3346000436497462
0.32482934321358486
0.33453251722576915
0.33858983318156627
0.327883935190858
0.6623085146190587
0.3312577623467802
0.3667542464191754
0.33332687463179367
0.3949393025176152
0.6676638843944245
0.335338189857146
0.32968538293239075
0.3342942824843269
0.36944737723772614
0.3228348541424347
0.32879255277265934
0.3126236594703621
0.32256531972161107
0.3993284650333685
0.336910576185867
0.363096491338523
0.335259049999604
0.33577106751798586
0.4699606228641441
0.33682384469205456
0.33655451520942803
0.31812576385048347
0.3320743185726123
0.3353435188768406
0.33489474251113865
0.340313484405457
0.3341660673678416
0.36622494782153003
0.37093184500185106
0.33419683640745
0.3292717205404078
0.32973318825231296
0.35220918687540054
0.3262708274654089
0.3389369062419644
0.3371221029955909
0.33209651081075786
0.38107588164328304
0.37889912320063623
0.3560973619196734
0.3936854144301285
0.32623626560385277
0.36808109457369415
0.327218852932612
0.32887925329617207
0.32880198975634484
0.3416012675965619
0.3353398266060067
0.3362026044241714
0.3736492181349266
0.33489206499309543
0.3602432363718615
0.330926575315186
0.39926207518446905
0.3813086038245171
0.32994988379493595
0.33558593269413156
0.33184161887810093
0.3393920398462105
0.33443916979969723
0.3797905144384591
0.3372743325874754
0.33601486447813894
0.3405530951945616
0.3683129887783917
0.6652274087687664
0.39912375643748227
0.3478157884318624
0.33125830867383865
0.35333493726272325
0.36106468934415237
0.37518437569445645
0.3242542301188665
0.33539640135495374
0.6641963121134534
0.33488403996695015
0.32917809024131023
0.32892264289603423
0.3379959524290166
0.33789597179730296
0.36816180210463495
0.3869026463588945
0.3797873728197795
0.33870413646051595
0.3264015919255444
0.39591946865617333
0.3642796538418559
0.3341429237059311
0.32351824929450684
0.3230053987800885
0.33615453637893444
0.38127942517245084
0.3341232126482736
0.364756930969561
0.6651258799903433
0.3200659017463137
0.3311230418475151
0.3360925862451127
0.33480421001520333
0.33698420752511804
0.3346260162163503
0.3157780290785775
0.3172063266981075
0.37016869493528587
0.323998294646507
0.3744474540666281
0.33426098802287385
0.3334240872997923
0.3207363768599439
0.3649257024008022
0.31623465265710393
0.32687599475189427
0.31792263600733156
0.33174720996057533
0.3439281740939281
0.350559399022524
0.6624247363554627
0.6644410323194114
0.3371839098223296
0.3312404278351529
0.3230626495540855
0.39920508859078185
0.3374977676160862
0.31835568662028046
0.33670192868717197
0.352963928477822
0.3350686753909779
0.37635501040169134
0.33292731463324204
0.32788366845618
0.662586723676704
0.3257377610286665
0.3129375019663731
0.3578681208755631
0.3235193171060275
0.3527895176404691
0.4200080910284048
0.3334119791735074
0.3794935066249427
0.33175681780918675
0.3622647551310159
0.33330329023470273
0.36198230065087433
0.6661056441166557
0.6640961142022729
0.3907993350431447
0.3255688009026276
0.33518745645226156
0.3288140167277923
0.33798828022383387
0.3354507349828186
0.32715730467578374
0.3339533858654765
0.3327818017051547
0.3382488715385306
0.6642477856187637
0.33055843439683025
0.3333988436535647
0.33020901073950404
0.3692451707283844
0.3327868066712852
0.33626685065187795
0.4024972444620439
0.37770047216300623
0.33439208721951613
0.3442831883658825
0.345662092501687
0.3293701401665933
0.3500326065285056
0.37158693658355874
0.32997046515043327
0.3184789908470107
0.3347223480158067
0.3306072616623089
0.3785677891635893
0.35666218647702225
0.3356917015928133
0.328821779989096
0.3254714862636771
0.3917343953409113
0.3738115265928304
0.31926556916031085
0.3277721889376471
0.33552278672878827
0.3361274416308834
0.33333552370815095
0.3325848356411085
0.33171232488964464
0.33141289673615193
0.33068929739243963
0.33593278139532656
0.3265550873909655
0.3247888415638234
0.37796280771225704
0.32807932728620354
0.3332074754141445
0.3266914042402061
0.3365202459931594
0.3316705826264736
0.3387230997257548
0.6641298231622724
0.386312701058148
0.3146097954791595
0.3299442768844319
0.3303526888258331
0.32217751911297626
0.3268535850233637
0.3617204764084524
0.3288716023201487
0.33110381218023127
0.34857593604992887
0.3382617059460488
0.32690063344438336
0.3701155803404238
0.39606539159598403
0.33040590337081305
0.33518811901455875
0.334643576758042
0.3345802041848414
0.3211954330498794
0.3236371965189174
0.6653636811535855
0.3326708845674859
0.3174501593510506
0.3320635033027266
0.33290152960584984
0.33761487209333735
0.4066900962240028
0.32252977112500564
0.38146258879519873
0.3634401400467433
0.3334469173905493
0.32622936686029547
0.3640113954651302
0.3349578198098011
0.32733293177870104
0.32362004085091267
0.32737190342311573
0.3480559752539289
0.334151981356453
0.33312826708425974
0.35129663107090675
0.6646407283666915
0.3584517959539522
0.34061578041630314
0.3318219214391165
0.35382397600413995
0.33183600022173726
0.3401963425599188
0.3862233728263794
0.33759196508195494
0.34074931841137224
0.32776045497209455
0.32039988094384403
0.3323029262022822
0.32097415022923353
0.38910696503290615
0.3727862135490666
0.3284764026322457
0.33467256292061776
0.3307087315905798
0.37373549839333786
0.33695876221486376
0.3339401941239127
0.333016674373874
0.32769878179452067
0.3309490673709302
0.3099891525504621
0.33008546352651386
0.6660614607020473
0.41804177637654033
0.3337554256246623
0.3331211903238194
0.33274047897152914
0.3537471967703851
0.3302273794268012
0.3102555740488624
0.31974998171327706
0.3360975788627327
0.3928685434324922
0.3353854195503761
0.3239282469847757
0.3281935731259827
0.3734520577233159
0.3299406987395551
0.33836170199964677
0.33400508075721436
0.35375998131232
0.33420696917033177
0.3360287057047405
0.32013117989253065
0.328853178445388
0.32763759247325264
0.3296573710673071
0.6626767532739837
0.33630733668921986
0.35881021805715635
0.33771155729296426
0.33488940433504344
0.3377287206581791
0.3346781570341674
0.6614617146849945
0.3237628383537096
0.32895279144639045
0.32441319182202527
0.6638418729342732
0.3321968346688624
0.3349367366339705
0.3337126553576904
0.3506525845756977
0.6627681882351257
0.32872134987966983
0.3890222712521486
0.34793462108957524
0.3337032311670326
0.3627400300373209
0.32850054586191285
0.3360098955694913
0.33538990974163124
0.3869872875551944
0.3356543950391391
0.3310857604673819
0.33693843698804327
0.3303115893586805
0.33529105776508783
0.376456243838759
0.31189835116611664
0.3332515018308481
0.33499149713156223
0.3978312877133753
0.3371601852941231
0.33468472795996934
0.33247153413426284
0.4022470615565418
0.3938159141158918
0.3467798684677643
0.3128764090396491
0.3367694053689334
0.35053134631727173
0.3340908668700558
0.31811575816415744
0.32503688992343105
0.3308337601689752
0.3239223611816582
0.35584360136143095
0.33211232704203986
0.3344163849169166
0.369336673605906
0.3849892046944082
0.33545280090102364
0.3354152896648433
0.3344772903150527
0.33724571853759394
0.3143957829143253
0.3323350478229125
0.32872032468821494
0.6625560133548548
0.3580945463942988
0.33207808180167175
0.3433473750032517
0.3550614761159204
0.33283359182371824
0.38936604580310824
0.3105101857634605
0.3364950581740259
0.3319915150985248
0.33887472371855826
0.3810712489035561
0.33556287575216026
0.3331277679314811
0.33480241415033146
0.6646365407507394
0.3351064542324656
0.3370445264840946
0.33225144993431804
0.3782626329009704
0.3320331716698152
0.33440737800006437
0.33539624295508974
0.41815325509346096
0.3927467687217527
0.3519053609120355
0.33548541800687554
0.317483757657084
0.6644375153611755
0.6624224494146419
0.3232183296330002
0.333260000708358
0.3371849698520589
0.3629429431556679
0.3392515449230837
0.3283758336203159
0.33277419160027416
0.3367778996521379
0.3771544382593757
0.3868213740207341
0.33304206650229856
0.4106385860075197
0.327144928459746
0.32678050269250136
0.3284215151767153
0.3371560650255869
0.33209019640566934
0.3381986529758977
0.36870405852409643
0.42567917955959517
0.3384414646275905
0.3322461386927635
0.35482968457407527
0.3951814532249733
0.3380169301777578
0.3324839219341499
0.3906532704074088
0.3318925022626122
0.3477574077546358
0.35521612996857027
0.33670570485020435
0.3630686954265913
0.3222416868166997
0.3163100797012541
0.6625705032903078
0.3313812654530008
0.6630460350240492
0.38573545245309887
0.32911991291155424
0.32960570707763803
0.3356992015583287
0.3361165035581982
0.6665101085273331
0.3562019613835694
0.34535577892264663
0.33702081866851474
0.3353143111209845
0.3609454258965313
0.3349116425485747
0.36908586678659305
0.33227882636854594
0.31980215410770985
0.3217997535277986
0.32039844488563746
0.3345460859989749
0.3540894749324918
0.32849865528794514
0.3388588011514612
0.3393201176078372
0.33185299433813503
0.3293780287895049
0.3312648781258538
0.3505906851413477
0.32335258385783133
0.3340616877502978
0.32667434734961975
0.33280568681807426
0.331937531029282
0.3347548055185372
0.3218450601422509
0.31773868905628067
0.3357694209037928
0.3663817742978634
0.36257836556865913
0.335381544126047
0.322689822986812
0.334416610344623
0.3296098207420203
0.33906016852604665
0.38689846541774364
0.326986177205424
0.3316677959404769
0.36633924059430606
0.3347721909743873
0.335120227051423
0.3157092525762581
0.3350697755766282
0.329462729536867
0.3334881230157987
0.6672808480067618
0.3332141317444416
0.3370520816102495
0.33015041197396133
0.329491369408874
0.31966584789680585
0.3239380389359924
0.3410035521232834
0.33575665612570055
0.32753728623385425
0.3325511351006572
0.6669427212148511
0.34690703891951064
0.3536567341438833
0.3313418656237146
0.33639393933232914
0.3300641547798419
0.33396596779315535
0.6664044864580262
0.35352547957821095
0.336049273453964
0.32875529584385
0.40509709479509576
0.3733053763745826
0.33142857621208927
0.32901968265615045
0.3184258094598139
0.3269534905601439
0.3336163511601412
0.33503235571799694
0.3632684023648726
0.3374055078239495
0.3288376266619494
0.322787500507541
0.32061526672761353
0.33222758562684124
0.6672846937831193
0.3259690556659674
0.3334074660295206
0.3525774501525412
0.33333842913571654
0.3352858184994863
0.3617161665240374
0.3653853493632197
0.3355743735368125
0.32934074666052543
0.35857039817896297
0.3771080935402104
0.32624126316395885
0.3222372920187527
0.3348272552850637
0.33896490234075005
0.3162359899307229
0.3489783705934509
0.3346344329051524
0.370351410072916
0.33203246441477696
0.33276430633782295
0.3353428752229803
0.3331655354641359
0.3883782242647236
0.3234056595583958
0.33358549378643476
0.3138354321090706
0.37956822124074807
0.33715315599799245
0.34698871876636117
0.6675617594010864
0.3208731253331603
0.33261673339107334
0.32797569060247855
0.3332809880426437
0.3206717500859516
0.33657435302024685
0.33418621649698577
0.34008235352066574
0.33369629978432525
0.3662375330974876
0.3358632895036006
0.37669539682251396
0.404475839891412
0.661207809538324
0.33445136015755084
0.3271664775118161
0.3374388992485501
0.6636337701493414
0.37955872093111886
0.3111866572334694
0.3265796652353896
0.33140254330204477
0.37038034491856525
0.3358281833327695
0.36600423642787916
0.3289849558568924
0.36644259061012047
0.331000474150097
0.38132326262658356
0.367091920215665
0.33189255374411003
0.3476154151461077
0.3320730010674214
0.3332672086174741
0.36809516788765373
0.33048169067430616
0.33112706758806226
0.33070992211222133
0.33316289715196573
0.33334303332403004
0.33734935995466725
0.36226228896171897
0.37155086677035226
0.3306727223617863
0.3355415736539632
0.3291842016380665
0.33266154755626554
0.4049097692698386
0.3335971884999473
0.3343872048115075
0.6652476190908087
0.6637150116630134
0.3311359041882422
0.32330619594578186
0.32847897999020753
0.33825480968578436
0.3359323752573962
0.332990293542446
0.33723158450676377
0.36041831570619387
0.36626075290156146
0.31054242803798093
0.33204595358132716
0.33083645707152026
0.3357112861234095
0.32847656866738706
0.33274830050153953
0.6621720517466244
0.33465175396873426
0.3218904615440273
0.6626269491645616
0.3313238384183073
0.6653518911945434
0.36031668922201016
0.3642174720369913
0.6644175500185087
0.33862534433861624
0.33228986426690116
0.3316255871485804
0.3319653811389797
0.38059898906098344
0.33297687438771356
0.33369194266165664
0.3371125241228636
0.3298713497237646
0.33045340768774245
0.3250764144146163
0.3789371748750723
0.32972516449435246
0.32715322784990364
0.3439166180190576
0.3323029220554207
0.6641180966202505
0.3349934469759576
0.6697138212369954
0.32532565315867773
0.35979777889379927
0.33183737396562596
0.3360603424345423
0.3335049632517547
0.3768347025011774
0.33571141378579245
0.3259122421533335
0.3806229268602467
0.33241833008252786
0.35475171497343194
0.335888700577628
0.6667109497435095
0.370276256766852
0.33886751248220726
0.3331555917639985
0.3277210259139927
0.3343358785307874
0.3376797141512848
0.3754740476161026
0.32409185929909556
0.33207873303918534
0.32898633693609164
0.33921878851460957
0.36860886858007164
0.33656567561935724
0.3325009555964437
0.3882708579947376
0.3262769623580619
0.3800960606025864
0.3320428377574154
0.32936086933784325
0.40111844710435324
0.3364458026510686
0.32882732806350945
0.33702163082003317
0.3353345161449078
0.33934481333157096
0.33320425056878084
0.33419855991474023
0.32938622455886224
0.3375618602294267
0.3323761299197509
0.33524153447729615
0.3290009035595956
0.33246132095644426
0.3324918223175771
0.3166219000959832
0.3647946924337448
0.37896984389347027
0.33891304786654103
0.32615455689850764
0.33901584221397474
0.39170737133648487
0.3337518016928644
0.3639623640304111
0.3351440573742823
0.3370856341347517
0.3343952623260209
0.33172817895330564
0.3039466313914708
0.33184219515793606
0.3424048769461586
0.33509548595250127
0.36530138069434087
0.3501703532631413
0.6638400741007315
0.32432872426641546
0.3334000316738797
0.3154796870288121
0.31098169855073465
0.6649274541377612
0.37529967046287455
0.33749568867188345
0.3580101247713485
0.3471598569181524
0.3520292560628513
0.6630508619378247
0.3302811338721869
0.33405828453848446
0.33883704788809954
0.3605517862762932
0.33252415306850047
0.330661952582973
0.32761080683403176
0.3270715751552516
0.32880503427660795
0.3162004621633409
0.33471225581498315
0.6643906345420266
0.32568825015892977
0.3379580766847282
0.33639619904747525
0.6645971003226429
0.33271054605600026
0.3334190390271608
0.3358455869594091
0.336188810107517
0.3136830122595598
0.3596517582700044
0.3337586254141428
0.3351313808998689
0.3355040873409017
0.3361627862671973
0.33293758851151745
0.33397564941172514
0.35203375076834725
0.33266574743770566
0.31621841980800286
0.36895658954000304
0.3281317309138618
0.3334178771709589
0.32976050012985464
0.3337066472785809
0.3355522397408649
0.33153758615539053
0.3325392218034016
0.33502168490407297
0.3835821189178805
0.33426358654883503
0.33003424843033846
0.33020925821101815
0.38365664279919526
0.33697068855387635
0.3279839084883671
0.3369355863259646
0.30649926784590237
0.32850815704088576
0.3292137846138836
0.38282898667396387
0.3341044282892664
0.32370866720337566
0.36712757359563286
0.33470791991077725
0.3355910734828671
0.32936509161884
0.33095194129225974
0.3310068412711693
0.3369322292510637
0.33612526979506746
0.3241949518675057
0.32652175487909013
0.3365231941133497
0.40468628270926116
0.3542976831188096
0.33337802592900007
0.33488389544998903
0.3358777005220296
0.3379125814712501
0.32979890259306716
0.3334303200143404
0.3328901426251797
0.3327226669979075
0.39971638817511684
0.32779467152924463
0.34711396899688346
0.3281661942380379
0.3842799600873608
0.3332076002876241
0.3341630412922076
0.32764377197455624
0.32992359976699526
0.33236419497421
0.32769575617048374
0.38102440145867317
0.33404059598778757
0.33674033310115187
0.3309890415268984
0.3646028063037176
0.3357948713374351
0.3645841886280383
0.33544506766483334
0.32866194310965713
0.33075964486820486
0.33384964522426014
0.33546653186112996
0.3135915844014366
0.31342388632493723
0.32898544456228446
0.33559522236001743
0.3604608531821899
0.3323852442184248
0.6613639331854179
0.3661767207609975
0.31858328155274473
0.3169175596753998
0.33929536574539504
0.33638393094739216
0.3353316388903178
0.33794485246884853
0.37938996093506766
0.33165867023750184
0.3363380804540935
0.34106816375696103
0.32488111135176667
0.33643867670271577
0.3335590427330011
0.33485331961175563
0.3493141697703818
0.33706230894904177
0.33515760536078804
0.3554704367698655
0.3322250953331045
0.32758049954864127
0.3294767269313635
0.36869232606334823
0.3275045954062096
0.34727667907192433
0.3316547991630743
0.33291689761260373
0.3407905818590495
0.34306580014544263
0.3416117530905103
0.31286565575683173
0.3395515314523169
0.3381602950809465
0.33006288179727417
0.31854388022744207
0.3366971882215827
0.3794063595507942
0.33661325574158124
0.3398424036914945
0.36403555300275664
0.3755591909524161
0.33433246658286037
0.3306244530851513
0.3291505528458758
0.338401645328074
0.3183235019053202
0.32978492829877754
0.3499014256011549
0.3348218556987261
0.3263171332139392
0.3650998833159743
0.3379727256531607
0.3369029176827258
0.32626196490929343
0.3793612289816782
0.33440252568770856
0.3982225048645066
0.32994301037942564
0.364492675886519
0.320927638122447
0.3325708233144469
0.323857878215636
0.3331478119725247
0.3212701621450365
0.3350860473414794
0.33152054438841017
0.3358104884976991
0.33473755911840986
0.33529348388016234
0.3358330895303634
0.3447830205179709
0.33132941335299926
0.3333370526869735
0.35644390965481454
0.3321334019259884
0.3274970175331146
0.3324558654138783
0.3221915184279165
0.3339277106370207
0.33295801992037394
0.33409235920995184
0.3336030053510021
0.3731314027715164
0.3224499090648851
0.33152186625977365
0.3301926850765298
0.3328451587506645
0.35629907228321434
0.338694333966176
0.6630913731909103
0.33036860509327964
0.3234066646085527
0.3374109647595888
0.3372797621982894
0.3321348663007688
0.3934863684056925
0.3341337882071953
0.33371978312053757
0.36371185505004205
0.3364592966936965
0.664879123794803
0.35263061970090614
0.33676830326008805
0.3326525733215318
0.36532179094785144
0.3332199939821203
0.33384179523307844
0.344458295432434
0.4194744557522331
0.32819411061780224
0.35327342379729176
0.6628616186355268
0.3465548170092354
0.37469662831438316
0.3587155382030434
0.349434107968255
0.3604685743139702
0.36299960481106514
0.33197382552434407
0.33413696429956186
0.33711724024185646
0.33722705438561684
0.33525776931992324
0.33609636890264555
0.32751175802571403
0.32965209244540056
0.33376167384982286
0.3306125152436114
0.3319919982987836
0.3283274565654495
0.3418678662129353
0.3308306352996545
0.3105066168624894
0.3759288499498125
0.6666277523429239
0.332146236060873
0.319272038287098
0.33388501542205085
0.3323128651492507
0.3358003076656157
0.37227191200509746
0.36767092528437023
0.3321006616003948
0.3377676436922147
0.371166476631294
0.3091425399948266
0.32710514771659
0.33708099072370135
0.3035444106777751
0.33788604183946935
0.36748737314742774
0.32867751803369594
0.33737304798191714
0.33194178483194475
0.33546660183415145
0.3809120597412628
0.3298488109473163
0.33544585972570434
0.32471288840003476
0.363986285586778
0.3352022149888111
0.662709755379545
0.35810384491378433
0.33410270779969325
0.6663794154869673
0.31939073251097333
0.3199376231443003
0.33794917828934706
0.33798277861352105
0.31382707789526465
0.33601424489423215
0.3256062834894812
0.33333794521879995
0.39812985637009934
0.6660778914496166
0.33531772172947943
0.33508976618473413
0.34709961943044315
0.334820957558399
0.33345634353388653
0.32761894839180183
0.3954121810739053
0.33380045304180556
0.3940139910797639
0.39719897477920574
0.33657592676812653
0.331364336755866
0.38879359153856397
0.39021497803675403
0.33669597211235963
0.3824324354034284
0.40764957952222725
0.3331034353491498
0.3320669498038356
0.33395775327286387
0.422390879397967
0.3329371774009451
0.3558128000872136
0.33457212122041036
0.3627791519991531
0.3758865278450341
0.331654083676509
0.34272925646601565
0.3351508884339245
0.3323987435117727
0.6649533173992583
0.3357557305417022
0.3342489181990824
0.3792797564584522
0.3322483323033021
0.3512208896561057
0.3361856145139701
0.3459738096209145
0.32305350057312343
0.3367073287722378
0.33549587610915726
0.3258108139334579
0.32645147112222567
0.3262687143014984
0.35419564673466747
0.33634957326952514
0.33056020887206605
0.32700684601884616
0.3287428562432716
0.3628044210419443
0.369254200086708
0.3324777752323528
0.39829873633639257
0.34966407833294244
0.33485806110924865
0.3238230805812374
0.33461336133707953
0.3343194428658232
0.33361919525090855
0.33417848454288496
0.33499163876047355
0.3908447802132854
0.331331526854466
0.31390920920743454
0.3397078216301435
0.37848912525812595
0.3591502476006072
0.3322421069112949
0.3338386436586013
0.6655686738059171
0.3887691438758159
0.34477465348641234
0.33128971138490915
0.3298555213910743
0.3201656346984971
0.33394182226898933
0.42227379059542025
0.32515990915710763
0.33502658113269723
0.3447115992927323
0.3734525389801074
0.3577088889867101
0.3365207262371013
0.3333466986533071
0.3392093745282928
0.3365452623827022
0.3731372225035987
0.3315873316754837
0.3372702435035486
0.33401333228671776
0.33558563755477744
0.33384593940652485
0.3312899442794058
0.3722375546286162
0.3355254174335611
0.3803386965243633
0.6625324411082213
0.32650701868050613
0.33617425705692505
0.3592746001756595
0.38839737901280585
0.3323965339098818
0.3339618550037372
0.3338645899383454
0.37684780871615925
0.33425147817240586
0.38810376800396446
0.33680201128600284
0.3368046962593138
0.32868667009327907
0.3442146002443683
0.31704316009438843
0.3280202447945503
0.35877536485037403
0.34512398860051113
0.3698125820905658
0.33119412089607203
0.33384935937531246
0.3294258277291417
0.3354906388609217
0.33136317750335387
0.41471468299594455
0.33247340321244234
0.33107803078377035
0.330028332981554
0.33278349292704207
0.37357740022033525
0.3687620699421063
0.66377974819725
0.3525771674469128
0.3330996297638582
0.33731964182942825
0.3333142563881867
0.3239909009233303
0.3304540832194042
0.3344818595480792
0.33459073302763265
0.33137634681092737
0.32779078114258586
0.33723151958523123
0.3603066281802201
0.3324573681739722
0.6653062400680143
0.32940301910894826
0.3350109395006679
0.3472515014105607
0.33094700463848653
0.370763356802989
0.3314395438711378
0.3708144587029065
0.32553881426828185
0.32710298906783697
0.33809058153566823
0.3779851236730135
0.3358388772686404
0.3362008963008425
0.31870674410363936
0.39883821627144944
0.33204839148055176
0.33624665923971925
0.34383219147296873
0.39461957258017616
0.32796284012637167
0.3279994707309453
0.6644765376675106
0.33944939192230583
0.3362583435829225
0.33502601884668953
0.3327781195170111
0.333387930411896
0.3359758970538384
0.332317053147461
0.33254473063907325
0.3559932483733459
0.33273171947799735
0.6634360321777468
0.33407486978543055
0.33576605623466843
0.35459596903056184
0.32862820241510415
0.33124030315551023
0.3192313053729518
0.33184996329584066
0.32961886092680975
0.32625845379560686
0.332076063079036
0.33558125060104743
0.3594503228883086
0.3093669397399718
0.33343052489089986
0.32930133115762156
0.34486331205282406
0.3288153119361115
0.37855769605361994
0.3389023730430833
0.661676605163368
0.33415924596454666
0.36251869506846984
0.33253673207454454
0.32240100435766805
0.3218491033374206
0.33095209743596743
0.33028208308136586
0.4083696300353768
0.33560876348042507
0.3200274399475298
0.321018249018203
0.3330617648859739
0.3502435232349958
0.3335199492551335
0.39286285676560867
0.3372904460487365
0.31051297973877007
0.3285571434032205
0.318799081865185
0.663641895938875
0.3535643554761771
0.40746465982378544
0.3354945079233224
0.33481861153298503
0.31884178176198885
0.3313871547008476
0.3476638330218248
0.3365966388681426
0.3501915986680486
0.33649594198408916
0.33535828151161146
0.36202716719235634
0.3331315624163188
0.33112066148812885
0.37180739695075166
0.3675187610677576
0.371225088937376
0.33209273912004506
0.30278188857639693
0.33414796048561485
0.33203025039360834
0.35452073346372825
0.3356669459066445
0.4012137134120031
0.33281409806008666
0.33427433361336845
0.3340937636310863
0.35328516531876003
0.664882896596743
0.6655041676339167
0.3359941229255028
0.3486544263969003
0.33660208559498034
0.33428635515250715
0.3707692197212854
0.3283632234809928
0.394997297549947
0.326605547438174
0.661625716434843
0.39311417958861344
0.4121681525310098
0.4395548888932209
0.6631645144512184
0.3308209533046498
0.3353162629489236
0.3361609268833493
0.3300988413460086
0.33248124749352104
0.3541790056820535
0.3978381016156349
0.3263258547181853
0.32212899772871406
0.335982194624549
0.34189385460900423
0.6662206847047248
0.32283467577447944
0.3292516063838908
0.33271342000601634
0.3425911206686502
0.3352023422706322
0.33432817016090977
0.3312626516532716
0.3342158454297889
0.3738792318516653
0.33670301676067355
0.3841331897296091
0.3324036904495613
0.33572710956277285
0.3376153347004365
0.33246490507165194
0.33319098436777556
0.31886358741940063
0.6667782667493054
0.32752161846735056
0.36614160353745107
0.33646905275055755
0.33370260425788045
0.32945884742309783
0.3698445341212345
0.3583988253712141
0.32865497230113433
0.3298659668410655
0.37361742137501963
0.3392363353079693
0.3911052273278016
0.3612947511741959
0.32842843374219055
0.3229472288520034
0.3355763496498453
0.39594073557798254
0.33925608697309323
0.32889267835706054
0.6631424062088007
0.3333047899745011
0.33494162974957303
0.32233268770880136
0.3703579491085912
0.3348187349280313
0.3385177442026971
0.379200825658113
0.33784923857235566
0.3819387972308121
0.3323736065525975
0.3392772353053198
0.33414491778380423
0.33630905429422786
0.33880828825444975
0.3337352403311154
0.33145236973457265
0.33127835932133787
0.45379090459522214
0.40116947350149235
0.3239204094135032
0.3358119164738692
0.32801747144523097
0.32885250111481873
0.3476866176394593
0.33658280805852986
0.3511828791238888
0.35586503825318827
0.33292600066360933
0.3314107225323318
0.33452922351770525
0.33653135300171505
0.33507211728485353
0.3352450567398878
0.3302234098581164
0.33746434115084145
0.32853966619342284
0.3315820726178166
0.33292570425031587
0.37525078473090584
0.3347526270446575
0.34885130016237254
0.3330078677543236
0.3355862384082815
0.32987447068032766
0.32985748323482483
0.31775558974814605
0.3691494777692855
0.3359015976410452
0.3372805138223206
0.4072996930806273
0.3393437417038317
0.32289331381973313
0.3384461360113121
0.3315072654643601
0.32692980154921175
0.6660386559944438
0.32033461821207226
0.33261551729218636
0.3433290727551602
0.33427157001873914
0.32919607580696314
0.32390460065779836
0.33163782191954394
0.3225614815473859
0.3227037630634246
0.3310039172995249
0.6637598677142662
0.33860122694594313
0.3270052594099887
0.3303919792873865
0.3377358504354775
0.385428842586213
0.3232051751349243
0.40555816263317424
0.30632645512767265
0.33185853050267455
0.35495093820357515
0.3256144484643863
0.33543919517121634
0.328671350857731
0.3365460005479764
0.3276137595364353
0.3250221359007946
0.3210097944848496
0.357594466480205
0.3279836025442451
0.35219099139795196
0.3340151119953156
0.3333420726161962
0.4032673404443431
0.32574239279648437
0.3727158563917211
0.3256571682839515
0.40895041478506267
0.39961560661110623
0.322401825913526
0.3236334610713629
0.3331834272858215
0.39012484475126785
0.3293882892422349
0.33474226321320305
0.4077729096531345
0.3946551330296949
0.3247119304748748
0.3337565396026454
0.33610903641657686
0.32965044489489476
0.393413972222669
0.3545124299219131
0.33182328537983896
0.3275237042945851
0.3343452273736332
0.3342639533789778
0.3352832968776442
0.3336011964564472
0.3342669871819046
0.338199466273291
0.33255807261377396
0.2991194293809552
0.33015765828793386
0.36322985009054437
0.3318934650247249
0.3347273442309644
0.33482646938535104
0.33883930764433734
0.333201502367826
0.3325488442300918
0.3340559921806205
0.3298728802003869
0.36098213301239557
0.33171080033451905
0.3561083443464405
0.3350492142085062
0.3362855026376551
0.31759185041883253
0.3366079963340896
0.3433883175903471
0.3650498304673961
0.33581070680373853
0.33529610469966353
0.38283484246029925
0.3636544533612316
0.6615146593066003
0.3342030084852924
0.33256752654375304
0.3281730733533533
0.3315992981929156
0.32525888431013417
0.3264330834773809
0.3872084476294765
0.33815232467514045
0.33733045650701765
0.3268138065743995
0.3252108354575371
0.3333813411455909
0.6635315656992382
0.33608693090511155
0.33375686866922294
0.33194138999112743
0.33141007374320874
0.3356401884137215
0.32924904874643307
0.6660805605421813
0.3584208336708793
0.32730214041344685
0.31931508837813044
0.33596554093203307
0.33430166338611017
0.33771516225571657
0.33365231993036065
0.35182515450133406
0.33566961378971366
0.6624357769423034
0.3314595968336973
0.3311062837732917
0.3318902759864972
0.33149126476426705
0.3055658362287785
0.6655431056825574
0.3291121044349229
0.33174752458799694
0.3360110140195997
0.32941993203560255
0.32975629131147877
0.3288089393518187
0.3337171070660449
0.3309016949075547
0.32930198898456686
0.33351809680976774
0.33254206104291245
0.3335902502689838
0.33280920779101686
0.32173008648517354
0.33400460721639635
0.3350162268445212
0.33611599355313393
0.33251622387012364
0.33235436758000775
0.3198891984927979
0.31463823130379825
0.37117282920546707
0.33169989835248065
0.33614143934706486
0.3336472120554218
0.3357142059418302
0.3302898476796019
0.391944526143807
0.3326631100745878
0.38415400189127386
0.37376247844598054
0.3308872841195609
0.36666025879841657
0.33502542081423176
0.33574859666664436
0.32601819894497824
0.3178355021216009
0.3354084131984309
0.34793294564181165
0.3368434836602778
0.6626997580031145
0.3917135015813092
0.3286786992447196
0.36061343778576266
0.3887992115373412
0.3371387896805222
0.32988384540133103
0.33531727318265914
0.35283955488997726
0.33307180433086236
0.33424579129900506
0.3315773438683647
0.36822385286008164
0.35376395002490735
0.3319772772650728
0.3888627054273533
0.3670042359909748
0.33347241709335856
0.3302337451420608
0.33460709342966005
0.3330381078579017
0.33396951063761887
0.32149551223135453
0.33238186386046165
0.662095715266237
0.3901392370550786
0.6623607220863243
0.33157115596783154
0.3844539659535236
0.3289483088824673
0.35114845741563494
0.3292432776957526
0.359517010590284
0.3249318087128901
0.3281455236021251
0.33064773813743503
0.3319050621414093
0.33515359686380924
0.32565832572635495
0.3596590038952301
0.34799795882630274
0.3332494738944997
0.3303991335860271
0.3680425841689751
0.3263970327937311
0.6629759145531934
0.3179920485854376
0.33268558084746225
0.6658655428290376
0.661353945107224
0.33120345825620584
0.37247526983418605
0.3315611502006268
0.3352026301542213
0.3857842958063857
0.3525948143415391
0.33474707931928704
0.3667340160742834
0.6614919261465693
0.3330843482881313
0.33066785473714366
0.33647835254271297
0.33335147525511355
0.33865661366582006
0.662287340995223
0.36535828725069314
0.31143350284396204
0.3861901266855613
0.3361792719424765
0.32750321016036205
0.32628423801021866
0.33644270790793956
0.3330647775244378
0.333517151889644
0.33244147599858426
0.33020864547444373
0.3356667362627886
0.3548942310051777
0.3321975376781428
0.3347553850306981
0.3324786595569456
0.33392413607238774
0.3690164236177273
0.33918908112048657
0.3304700777638903
0.3324719198830258
0.3251872340513001
0.33203998214336394
0.332587438741205
0.3365602488396572
0.3207500552004796
0.33195234003685725
0.30912796588202474
0.33266438799724024
0.33655121081106776
0.3408733307626381
0.6618589630206538
0.3329022472432209
0.4148273320926578
0.324552929959366
0.3319330473094786
0.3620045869305893
0.334817118239504
0.40201708746481474
0.33638360587583077
0.32753864186607257
0.6654305954665121
0.3610927362871281
0.3654313397089061
0.6611988654399009
0.3272911777017347
0.3372712521855417
0.3698096405578829
0.33499301413229077
0.3336007364988796
0.35366844478593645
0.33358713364682085
0.6671729005943068
0.3358982391333987
0.3886278302000763
0.33148641795907324
0.3211984735803221
0.30535841940098846
0.32641407819948953
0.39569058091672343
0.3387701169283765
0.36318671712126616
0.33753658567705946
0.335976167373338
0.3372334133394701
0.33309186692591686
0.3292194764586
0.3495975016769583
0.36150700075226055
0.3177107221927356
0.33557006843417897
0.33037120022240307
0.32994604772215397
0.3241132516511396
0.3305561671864666
0.3469686767722758
0.32969559860207437
0.3319699671190751
0.33079022724286944
0.3366936017747911
0.35004164651795844
0.31119608221940265
0.32919280931019484
0.33029268735970996
0.4279218756519437
0.33872651073855803
0.33449452993881235
0.3371585785649404
0.3356120592923784
0.33653186709482763
0.33644667332443157
0.3488904642484474
0.3413537829246826
0.6644729584544804
0.3357060275923623
0.3758974293262149
0.3548907002144905
0.3338923552297062
0.3288801265394982
0.3695131439403568
0.3369409833750789
0.34171166906628914
0.32855973471868094
0.3346961002302945
0.3336175203276245
0.33707709828349125
0.3624513481431311
0.3345489528054964
0.33519744339090085
0.33523573425103753
0.388963941268444
0.34533566982945557
0.3313889879863281
0.3335408721114035
0.33811442016811644
0.33149097386328064
0.31902573351814617
0.3371473202685491
0.3302797781466025
0.3322133730506719
0.3373924004614483
0.3611062697428124
0.3375401389470502
0.3344011851101404
0.31750857938053106
0.3591653796878887
0.3345706503998733
0.33646257169394966
0.3379301353671734
0.377094350813192
0.32876539081402295
0.4009868094856701
0.33486585199004815
0.3364233418563632
0.32863687210649195
0.32701581756300335
0.3911892171304661
0.38115031808000094
0.3333193590607333
0.33540128432823035
0.3751183905420396
0.3361088937986231
0.6647157585120544
0.32873458959994756
0.33755736624950433
0.3358223347411273
