0.33637555625845417
0.6628300516489243
0.31898487315631857
0.33391812069215326
0.35802452214556135
0.3263800493685564
0.30738547515748293
0.3349422873937841
0.3358618503747361
0.33059942966000766
0.3349831090858514
0.34235666249137703
0.3626088343140394
0.334076446695295
0.3337837480748036
0.33977558906599375
0.36963512576161184
0.35370362026943036
0.3343664495049481
0.6595947658530655
0.3371969777194628
0.33050714643877793
0.3385410530718788
0.34767621689457
0.33522095308581323
0.33660928128472395
0.33736356409630397
0.3741089890837371
0.3370836839296367
0.32429509785353633
0.3711034796571467
0.3382385250104254
0.3242536497900869
0.33872701687314466
0.3355350015575811
0.3198420815991179
0.3342932682431533
0.3736581128511406
0.661221017331605
0.6624648030847354
0.33145762347654534
0.32925919057305497
0.3252201439295177
0.3803651845068141
0.3212984625366937
0.3659139057686885
0.3365757068463
0.37488296650676806
0.6636449640555432
0.30548281959757767
0.3348360116447746
0.36285871769507627
0.3384107393221048
0.37086674165448685
0.3816652885811997
0.32561046714728675
0.3394749008512903
0.3727245227971437
0.3365905543454379
0.3294887657028792
0.3348164438518649
0.349546386593813
0.357548862344629
0.3379174178288958
0.3344780521129806
0.3254092199200391
0.3381633769051336
0.3339951100905138
0.33293526450027083
0.35149935629548446
0.3380225092690054
0.33883224627921266
0.33365663095542714
0.3700766674395875
0.3358381982589642
0.3277265616870766
0.3358871680292193
0.3287093239910992
0.3315406565799305
0.3380066181713701
0.32079981011634745
0.33269781122603337
0.3626830527751738
0.3309980927961405
0.3329149524791791
0.37395942431017803
0.33404068168830814
0.3342618736952153
0.33497549333548693
0.38816344988382673
0.3408001734598718
0.33840127445848045
0.32694001849796267
0.33813306165657864
0.33400035284696356
0.3246826156518449
0.32550677317345067
0.33691725290092456
0.3384611344941136
0.3321737133853369
0.36530343174502244
0.33902507495091655
0.3503266607391926
0.33719289401405683
0.3317052490758848
0.3749147698028564
0.3474977060744671
0.3385156093014716
0.3399399855026606
0.3367937542886815
0.3326605612859283
0.661427259452227
0.33236649420985953
0.3282375505210764
0.3387814878400161
0.3855009683234495
0.37501914404465836
0.32251104309960626
0.33382632526784306
0.3532215866507203
0.3359836433736256
0.3388434770836875
0.33506344587682146
0.3618661669139836
0.3364198192876483
0.6609829615270524
0.3414954250417485
0.37360145392263056
0.3343936275400626
0.3119957929664197
0.3351342818004515
0.3159622578957733
0.33356921856324173
0.3378212726962354
0.3344076190703486
0.35523679141502695
0.3519028609305266
0.3502984688454002
0.3305985875377133
0.3775031541015114
0.37973508264023903
0.3504661165261746
0.3385767680051025
0.34889666651492307
0.34040256573383254
0.3390644840462432
0.3466584319274521
0.3773357379369308
0.34914715555390535
0.3341721036400531
0.332209415475127
0.337760828182818
0.3332857605591031
0.3496795751173243
0.3347827452388963
0.34899690190028765
0.3235731509089561
0.36288846916035106
0.6613440523706817
0.34352860153071046
0.3398397759659075
0.3398075877798574
0.6609542417123893
0.33705726634194877
0.33908513530917206
0.36477437661934886
0.3287397071285914
0.3344348426351536
0.33742270750473924
0.3370622474503676
0.33452798589504756
0.3386789680893579
0.3338680259790025
0.33144857596694155
0.3449841662280206
0.38126569835982693
0.33285575928769845
0.33459935643691036
0.3618582809258208
0.35685303442851435
0.3332964392780887
0.3515192896201304
0.3353585148694693
0.33606610165571155
0.33464670293231175
0.38045472552284554
0.33870450359700943
0.33268442188367314
0.33886133775457955
0.3348496158011169
0.33632224381784115
0.32799551494893076
0.3378407878377755
0.33132351912703106
0.3287883729727741
0.433774816884804
0.36306924024145953
0.664017139001837
0.33564193890309163
0.3366967665023054
0.3356535140961137
0.3674808832211819
0.6596809660443205
0.33504540546675765
0.3373491481565464
0.3394595429231435
0.36047221917019645
0.330052723979631
0.6589875806179781
0.3393715826695087
0.33677847199930305
0.663927119932228
0.3331585583629263
0.3357130478541687
0.3356241055450787
0.4051844493578736
0.32300617053064334
0.33111327931961526
0.3809541643237697
0.35661648409870594
0.36432147921107555
0.34014077742915594
0.35742508817177243
0.36265263495855377
0.3505843575866688
0.6606816768964648
0.33399980572372956
0.32189326837020266
0.337196026028314
0.33804504412960523
0.3366435803174609
0.33763969706395247
0.3392388354231118
0.32123345470743486
0.3279801392133474
0.3355441000401142
0.3598297162270146
0.6626868256533025
0.33683024200308753
0.3351036897875955
0.33623787579948394
0.3346402836937943
0.32480996828574726
0.33417526752398224
0.3260551519074969
0.41202379747163226
0.6631379259886374
0.3588029072571714
0.37842161256948215
0.33693640749955717
0.3390607237240731
0.3424096962665254
0.3314080983199866
0.33227328292802705
0.33728695420662314
0.3677320253505732
0.33684780981400697
0.3351666895110363
0.35524560969931146
0.35293817388629245
0.3329966883033317
0.3205315940979916
0.3270552207588924
0.3361883312456976
0.4046644683500832
0.34123662616985795
0.6633877617115477
0.3341777049017612
0.3556457645566238
0.33564136065744715
0.33835264174467594
0.33500910990966576
0.3636872216924464
0.39154474184331695
0.33513087006398823
0.3359282341825338
0.325834398781128
0.32589713284329613
0.3700899036834962
0.335986362241566
0.3407393252377196
0.33814998044676053
0.3290938643694653
0.3346299000626737
0.3283219854167959
0.3461187179995371
0.3271196407233011
0.34370845175948705
0.35014793516322285
0.33226738664468425
0.33256188546656595
0.3515925780533255
0.3386140755763236
0.3645199677695824
0.33159783516521596
0.3360414827059418
0.3308951886049611
0.3511483616146148
0.3382541016752842
0.3292662990834583
0.3349781109379944
0.3374507607255902
0.3305051427648676
0.3357537515762894
0.3384574874460558
0.3398313903651292
0.3505549643297819
0.3343437672543361
0.3318730142018296
0.3325598836665258
0.3376268379975748
0.36074887032968356
0.33363762880527864
0.33377916634335286
0.33106603774865295
0.32609249781461513
0.33655474049530104
0.3306505198207549
0.36933367633434455
0.33853939166005786
0.3354983894933754
0.3375831708612517
0.3270948014132327
0.33848305616891367
0.3343637357236351
0.3352143692587038
0.33090115404664416
0.3852166468867026
0.3344299897349163
0.3384906237179108
0.33305485866285983
0.33697071159799746
0.32989666241532456
0.33351023294732135
0.3304890621652982
0.33628872890192146
0.373512637303945
0.3346281508982975
0.35455207750545736
0.3898441629883925
0.33026633959138474
0.33810595379358366
0.329261982231778
0.33742400145350554
0.3495374660951543
0.3371378782291307
0.32625452990124154
0.3579058706318558
0.34102218846471516
0.35376723836749785
0.3386545474090897
0.33135866591725305
0.6614376834373005
0.6646405522202692
0.33318748206226373
0.3359490166612969
0.3355779550971336
0.3648082770738365
0.3633441476043071
0.33623912335391776
0.3440628635282898
0.3361381597303011
0.3324267084313305
0.3365999616329317
0.3450337643559663
0.3800118521625699
0.6642606939052302
0.36800348624796597
0.3726622019307349
0.3708775117239122
0.3499317456344196
0.3318367288866295
0.334943778916825
0.3457082043957568
0.3325274562832967
0.3393328260724066
0.3377650983669463
0.3369050227233241
0.3250252974254328
0.3358885792062347
0.3373327692647091
0.6608377474004954
0.3364910347846182
0.3335581435833327
0.3341696917213816
0.33222882987063607
0.33610916898921783
0.3397872155076713
0.34489493923842407
0.33356751901567006
0.33668244468218295
0.33943508056203614
0.3279044575714495
0.3325818826491835
0.33205683878935705
0.34012213798662133
0.33188629433103833
0.6632461854755346
0.3454219679001616
0.32733988696606126
0.336951087234703
0.33494973706241343
0.3291986548520238
0.33398204630828954
0.32752634339108794
0.3347698512727787
0.3326143613551135
0.33348973094539547
0.33507802611870796
0.385893142335401
0.33456913922314474
0.32756372865460026
0.33456561065868934
0.3653586207315347
0.32840200382073353
0.3108412341904919
0.33380010001501903
0.3350224833376435
0.35853873268158765
0.3335204609900784
0.335476825808827
0.32689246479448403
0.3454976456641635
0.3339073630934603
0.3410204616251464
0.3242214266249118
0.3380389235672203
0.33539768284204285
0.31734226000793936
0.34076042241778803
0.33705017945080945
0.333751544368122
0.385605952061518
0.3323138154299931
0.33595873721345737
0.349035421241959
0.33717655209927333
0.337282988815412
0.6622813355604579
0.34223919993439966
0.6620635334390175
0.356287190584083
0.33677657432080677
0.3327065913390193
0.3319771504435718
0.33430125959769535
0.33560284949808245
0.3281006866212935
0.3497054990281572
0.3387631740234698
0.3347504298316508
0.32831456225956474
0.3363493591158945
0.37479671813394205
0.32372302500425776
0.3691714321514025
0.32840978302452156
0.3290768527764555
0.33954730245684733
0.34137579053428324
0.3343316359885338
0.3299302586481426
0.33619679995509083
0.33817656843287897
0.46787004385510755
0.3340634482431926
0.331233355287261
0.6623710587977566
0.40881716784908995
0.3407425253820755
0.3344392715746751
0.3562924571909835
0.6639740262879137
0.3393966946784129
0.33446905210911265
0.33361787991192654
0.3612796291923991
0.3350152567919824
0.33686029900705566
0.3832279108416975
0.33578938490271637
0.36962562146847305
0.33086609563139346
0.33673148533984143
0.33167459116515285
0.6624195109597041
0.33696196927937294
0.3371479025404709
0.3265490105570298
0.3403067344045037
0.3202359853399357
0.3328230975882329
0.348073977861929
0.3355221365958627
0.33289639085164063
0.3739765505628963
0.3342845106796647
0.33036111492414755
0.33420960347107626
0.33436789101863884
0.3341181477493338
0.3375386756892485
0.3348546818692604
0.3341993414538694
0.3340541663856123
0.33519478955258114
0.3250218124582166
0.3582616962385964
0.3709772683821256
0.3384154590827191
0.3361783668947673
0.3115052953555362
0.3324241846878175
0.3295635000651408
0.3331860846929879
0.33863383165956207
0.3605202148308079
0.3553971349569322
0.3368192241774098
0.3286404454333198
0.33089785440935215
0.33548356020272097
0.3809372049560113
0.3287719002675583
0.3327412260631103
0.38892873390355476
0.32829754703044134
0.32615748922709786
0.6613221672162563
0.35703355585561836
0.4010402188068753
0.3654178646169277
0.32543323642922783
0.3251269716399278
0.3330682919091198
0.3671073289357856
0.3361676810739319
0.3372951684848161
0.3364726793105065
0.3391336623973879
0.3387535646445872
0.3360046191943472
0.3578290480973873
0.3356918374350877
0.33444482158788974
0.32000307895503166
0.3331740616864241
0.3473969920893919
0.332540336237764
0.3322567464825687
0.3347917481328267
0.33382807119728164
0.3256506160999897
0.4014711677044604
0.6662915197452889
0.3331305173079263
0.376311777564814
0.3733797917320871
0.3398550352405177
0.33290815172287536
0.3383140618223249
0.34946474756421386
0.33549225760553175
0.3216095082313067
0.3685375841403642
0.33433267727858373
0.33168695925912084
0.34991670276159664
0.3957148245833773
0.34330651276329305
0.33893795985650016
0.3362192077300755
0.3385369192739951
0.33114664170918584
0.32856379717369055
0.3274712065420669
0.3346525083029629
0.33002240275909495
0.3385349976771926
0.33013033181362056
0.34791549975092584
0.3665147591051786
0.32874575762219277
0.3724290251037111
0.33303124411282853
0.35253209922507484
0.3332661249709036
0.33810279695821144
0.33363470647784027
0.37349219382125176
0.33423750157224863
0.3325471018093958
0.3355388734735214
0.3291720834844665
0.33206539581822675
0.33493795222273137
0.3385444528410842
0.3287853241060232
0.39820101233772537
0.3322082822173096
0.33259900851975865
0.34000175597634474
0.331704910980977
0.349422258279862
0.34577638615836415
0.3287571606608038
0.3351255246657584
0.3449685532700493
0.3321825717231173
0.33494099319300563
0.3358575555783862
0.3731744713231258
0.3353762614614098
0.33509564268092573
0.3369389844245481
0.3199751172674957
0.33108310304299216
0.3370884157341682
0.3382048673198644
0.34803614869950616
0.33568928872749737
0.3295926775400287
0.3629395040273891
0.33802641541590284
0.3371120516204118
0.33832653959962783
0.33395533180938924
0.33451287409639696
0.3394557970838435
0.3285395125615056
0.3334642212569569
0.3368442865630408
0.35132244944425195
0.33959424077045797
0.33054600856166705
0.3324184101964895
0.3307218009802416
0.37627876099745083
0.3240922258450148
0.33775979751059576
0.32155322397142877
0.33708024488587984
0.3336304590658401
0.3362286952907785
0.3360449780696403
0.3517283759094189
0.3395598931693046
0.33742825916859015
0.3057462825991206
0.3341175075273205
0.3358481357333082
0.36292517717043565
0.3289862753595954
0.3350883821016926
0.3391913428450447
0.33808085719807457
0.3336259227191495
0.336699009738114
0.32717578084487914
0.3892499328656972
0.3337361121889955
0.3420007822322203
0.33815551598441984
0.3414171874877038
0.3381673840458893
0.33467991410177766
0.33640456349296965
0.33188152997406045
0.3673738603810042
0.34880119103933327
0.337711032632062
0.3356841394472423
0.33730185730485224
0.33421401270264334
0.3314550114473786
0.33088415570539254
0.33395223060736207
0.3161722507646927
0.3330685740938513
0.32800499748447787
0.37732222846936336
0.33023236794785804
0.6624114281316852
0.33555311517044517
0.33883699022368347
0.3398750592086723
0.3377747402421818
0.31919413975812827
0.3394569342385718
0.33756534155570966
0.3278480758335542
0.3482965301460787
0.3813528974195359
0.32964233787794006
0.3378134586077252
0.32829149414565467
0.3354616094060595
0.3323226038183187
0.3358096975649898
0.3532054911483312
0.33479415934213325
0.33330791707068547
0.6620822450991245
0.3399878267372069
0.34074245681494536
0.3325289322653436
0.3450542330195825
0.3220353529607121
0.3762968118038732
0.3334420344407674
0.33526568292627323
0.3329758380805798
0.3322170322162163
0.34612811763448176
0.3139818744591543
0.33797843772099195
0.3276057336493873
0.3359457123052566
0.35984354111322886
0.3246988631717441
0.3592378455291618
0.35384065535574777
0.335872975570617
0.3819548956660276
0.33523130786892164
0.32102812140842657
0.3379619027284496
0.3354410539009161
0.3250784961627958
0.3595838906746343
0.3338441902956491
0.328584111068366
0.35284496926211756
0.33612663009482197
0.3346582863784287
0.3364204176714297
0.33776697513958287
0.3487095981736626
0.33357845196406144
0.3321614070298488
0.34237032930821726
0.3320693713711587
0.3312711741266948
0.33555090388038183
0.35882877891165066
0.33138816530636245
0.3334423794401474
0.35719897998380074
0.33523191209558606
0.38628750952047447
0.3283345315139358
0.33657033891439275
0.4111675921167936
0.3389080396547834
0.3568766517210376
0.3336975274556729
0.3323298745702678
0.335265498507759
0.3242085496478809
0.32739805017751444
0.3381021792877474
0.3416909182153539
0.32966440235091704
0.3352983545236274
0.3846222282380266
0.3996586431379319
0.33426196329220204
0.3352429150814352
0.33153932929359753
0.33014744573227756
0.3427545564982543
0.3559813170337773
0.33902561006811793
0.6674823718883962
0.3332332885738238
0.3647020084223061
0.3356250395156831
0.3333329119346746
0.33415771450211873
0.3314183401329655
0.34041728477996613
0.356988741089556
0.33919226592342433
0.32927235577830444
0.3509480139759911
0.33377433853730754
0.33307528533820024
0.38692145679530743
0.33025979581124537
0.38981374919612793
0.3244109122776549
0.33806144939099475
0.3219370793771673
0.33739084715134987
0.3272580727511073
0.34345150738395036
0.3298844768273137
0.35674773425599293
0.3351442423193862
0.3344172492902255
0.3498444589600356
0.3321619767602144
0.33378370205399016
0.34696505059616656
0.33026464267772626
0.33011367036975003
0.33428441057526
0.3422928223496137
0.34078479293908187
0.33460184244257385
0.37991359181305573
0.3382037447720961
0.35344671153250756
0.3419798898431627
0.3317875096011851
0.3361941680020079
0.3677075404859673
0.3307245900864178
0.3213771974586822
0.3586891814251872
0.34988254702182764
0.33071667682872335
0.3399699942185313
0.33395000176196027
0.3337300413108545
0.34159658277993454
0.33398478078554156
0.3474137683589184
0.332194406546658
0.33903819252265505
0.33176087217109185
0.3846073010218261
0.33723162913559124
0.3372318882171335
0.33266289676361077
0.3672031270512878
0.3340179552057134
0.3339037456797409
0.33793779525897005
0.32865241829600456
0.33568633687089416
0.3279453331972127
0.33668286399656566
0.3312543528962198
0.37470760317634627
0.660142081334581
0.33709319861759035
0.33720945809852243
0.32809284894476953
0.3407201239893378
0.33013248353663244
0.37394726767086894
0.33828333373971936
0.3382128302339066
0.33530124611413636
0.33380676349167504
0.3761552962013113
0.3381224941987137
0.3707054925790832
0.338350152055802
0.336883852985695
0.33591891593670425
0.3265437938491992
0.32532485622166446
0.32759461699825637
0.37279625050368786
0.3394852474504879
0.35001012212744437
0.33737173230181694
0.33091978641613534
0.33535132479816854
0.3342656544524146
0.37439899366893414
0.33077228969945005
0.3570867592678092
0.3994353732123196
0.3296690994617661
0.3415425303630697
0.35948929259932494
0.32526556597830353
0.3300222947197107
0.3270272788842182
0.3469109787277416
0.3337960055424606
0.3335914373621816
0.6632875778879331
0.33863851568202713
0.3366232140354966
0.33881134550839637
0.3360718821485697
0.32729940317310785
0.3357223977348337
0.31191333854629394
0.3285696679981554
0.6636291426682748
0.33811287338847545
0.3285112299351411
0.33261215388444365
0.33420324033221216
0.33448013568409457
0.35573091249192795
0.3340067710967744
0.3680045167294003
0.3309375599698022
0.3356913249508612
0.3397510030943276
0.33210720091652646
0.3495462066245008
0.35385938608008466
0.32946117109648443
0.33859989125135276
0.330202705725976
0.33316116734374873
0.3339384707537799
0.33873431723376646
0.3304451441753667
0.38374830746956207
0.3386845297788487
0.3541589078427327
0.32360365907533145
0.3300821377859675
0.3377465844730058
0.3328501501736109
0.33798508307402286
0.32741191142352594
0.35187732068006683
0.33363316143403304
0.3834300518379501
0.3349597606473648
0.33181819528272316
0.3505978631152263
0.3502498819526047
0.3386597532455686
0.3446369134080072
0.3319090858198728
0.36984675887237295
0.33188503725763874
0.35274219352938957
0.33057696454173247
0.3372090361721049
0.3356347134790983
0.3370736600508545
0.33513875572473045
0.338154879528608
0.3268064101596372
0.3322167965036271
0.3292046010421141
0.3358062495167201
0.32646448035126774
0.3291721146781121
0.3368533199752701
0.32914583606416203
0.3354940460933177
0.33472777535038695
0.6623198607557845
0.3498787450150215
0.32502982023676386
0.32545813178778016
0.3271184564372323
0.33106316361904836
0.34849592800573387
0.3327860880568557
0.3322746796633081
0.3367710330376253
0.3347518770310698
0.6597935639405281
0.34778748323109837
0.33222366823530586
0.3227520053676344
0.3385051839710009
0.33638492226804284
0.3723605983349538
0.3370144818601177
0.6573399984482478
0.3391045173938302
0.3291017331152292
0.3714083679485926
0.3563544510644902
0.3671577125103625
0.3260550642503956
0.3925498918329126
0.3312314526451806
0.3537517419558014
0.33412045155105835
0.3365431828928034
0.3245924391248648
0.3409510143965858
0.3674348771289605
0.33571140292235124
0.33325064840407836
0.3297181097100178
0.3340412682979443
0.35234189512063024
0.3694982423606028
0.35060242858220797
0.35658380491262753
0.33846401222027583
0.3388623352151113
0.33341127441465146
0.33213036832672943
0.6631568316159492
0.34025278616385285
0.3315419644350089
0.3375993805868977
0.3359585475695161
0.3329597032633118
0.37257942548030226
0.3669478380246156
0.33692534557373327
0.33965896054024003
0.33005669738439186
0.35071653192553176
0.3462163643255802
0.37715801758780865
0.6589853657091836
0.33262013410693253
0.37424740614301444
0.3624587985619026
0.3353597003238213
0.33682920815779127
0.37462892591125346
0.338578894720276
0.3177293883352862
0.3338568778950612
0.36075081297041023
0.33323181103025273
0.6623338884531262
0.32850290905034524
0.3639420322987686
0.33583235847564513
0.32475126059570975
0.3939172457010006
0.33572938618028686
0.3349225706192261
0.3312968312602262
0.33831643478209256
0.3617750344101734
0.3366722125744273
0.33826698627920077
0.33422874387848917
0.365764345032142
0.3369062252758193
0.33187376437209304
0.33726672802326707
0.336271642810474
0.38276588915149834
0.33687983923324677
0.33385079174604143
0.33840091630639046
0.3668359907957435
0.3369209424779598
0.33687743183974167
0.3478291009113176
0.32886341733324004
0.3415704451408961
0.328326798186388
0.3633402216604311
0.6613136743626883
0.3513502991279493
0.3407879509777775
0.3357407119866236
0.3212071466540254
0.33184237516644055
0.32877309479927935
0.33319064403816356
0.30940830644292494
0.334484726286212
0.31905497426170654
0.3447867283602738
0.32669863767578483
0.32033358738338713
0.33676635547235323
0.3377933603330287
0.33463271299947633
0.3329224544209636
0.33306985968248864
0.32978805059363253
0.3361709570047929
0.36613460276665427
0.33354142637235873
0.3328007476472042
0.3495180334613254
0.3955099574617228
0.6605693809743346
0.33810509805935396
0.3373719763408531
0.4067291667805106
0.32891623023825206
0.4090043481411752
0.33065197974401295
0.31650483856792905
0.3360115388365234
0.33564851697002285
0.38623050138300974
0.3333999534549384
0.36719165415483934
0.39158215633294524
0.6619239226089165
0.3318254953545531
0.36943311845769833
0.33198342416762844
0.3372937684907818
0.33275841123557987
0.33152333909693726
0.33899464408591007
0.6614674948939928
0.3348646389787662
0.3335924324236678
0.33236703437637993
0.6630561064053684
0.352756080016794
0.3580990091198546
0.3401922039142029
0.3294450402817728
0.6598845195249421
0.33587031826823643
0.3278671508702792
0.3497943453983087
0.36529428180001083
0.33767788817879263
0.33082792937241234
0.33830336903837926
0.3353152734709355
0.3279642450146518
0.3323828402234776
0.3381576673762894
0.3373414758651983
0.3321353045235159
0.33368137916928486
0.331386200034762
0.32322163632591966
0.3754090679591183
0.38880257263126194
0.3383657638029245
0.35957089729226366
0.3597700356813855
0.3342305006006015
0.3322641979396444
0.3375972965180707
0.3376360621368225
0.3355648998830887
0.3699495488504918
0.6634989530991694
0.3313161326401743
0.32878404128413824
0.3348113644720445
0.33807948068669286
0.335354168915473
0.3348545471376292
0.3458642160179894
0.3614980944647811
0.32910705434495485
0.35809066766202624
0.3380767889956292
0.371601513758335
0.39361144162114237
0.33417855730943935
0.3354340636082343
0.35450218095995384
0.34875312425965443
0.3236539679938923
0.3327128701595931
0.3362306701410802
0.3338449998272512
0.37298891568970066
0.3372641347684354
0.33732834384549465
0.3293010651386686
0.3285963311410032
0.33189429792743647
0.33725922154302246
0.4118895355575726
0.33517406114589127
0.3366501109204957
0.3372693548517332
0.6644117908838584
0.32484378431331606
0.34973233845225066
0.33883861057444203
0.6650497155894969
0.3282770691133041
0.32892688589744506
0.3349982182385475
0.3372333949325211
0.396964657026427
0.3370235867140063
0.3218389453783317
0.3389002779874898
0.3490015146437963
0.3561913042287698
0.32844648700467194
0.3332391163332306
0.33031258767543425
0.33454152319135055
0.3325997271252038
0.3682522383736827
0.3296822012310254
0.34889171920474704
0.4115877328121137
0.3368965853943849
0.6660047093162287
0.3348306057076153
0.33253482777962656
0.31843265586815284
0.3413430092142799
0.6614961495710835
0.3331284051460041
0.33497166863528705
0.3354812357226078
0.3265538385019536
0.6626397170962895
0.34373813098167216
0.6624322279598015
0.33253317642583013
0.6605693684038988
0.3308158225484165
0.3303165258372922
0.325428038322672
0.33014746208702295
0.3375808550607371
0.33719172529332336
0.3358775236156531
0.32949879669907667
0.3477105617134753
0.6637931708609992
0.3390045306461349
0.3307825796986867
0.35296766414847136
0.3314795434022371
0.33616351480272266
0.36862162593784664
0.4037180397037708
0.3289092456535289
0.3431387291901612
0.40903727739677187
0.3342566071725345
0.32957198571387875
0.33712649008264167
0.35357002936347787
0.35012515401852634
0.34478102413727335
0.3300394820288149
0.33080572890760174
0.3370061017817907
0.389412038957183
0.6642815229380205
0.33111377093433947
0.32534120975321257
0.3353810425240695
0.33287614106046315
0.3820283226712084
0.35535815723354747
0.3331470005795081
0.348953755680764
0.3745862681172629
0.3622945646078688
0.3355176410657573
0.33868749230346423
0.3367868457645326
0.3356339305127002
0.3409472877923253
0.3367761928499696
0.33043903553682824
0.33046189898015593
0.3329439049866795
0.3368125819749606
0.3280973282464039
0.33769956974389215
0.6651794014713837
0.34271258000731153
0.33661463319388024
0.3631081350306146
0.33359635189522585
0.3377037050285342
0.3358609702331186
0.3272070560196942
0.32974959918646624
0.32940423494452153
0.6619711246125775
0.3700283338723728
0.33070625867840964
0.32909274962689694
0.3612775947349282
0.3326380219895922
0.33824133265322437
0.3338684878868356
0.33582037066419673
0.33327900415032713
0.337603628146648
0.3525489861304433
0.3699800571396063
0.366208569950512
0.3319181646507905
0.3653233480478115
0.33328942468684686
0.33402275559809264
0.33850411378035683
0.664056569653611
0.3336949741762293
0.32990418461131815
0.33757900653779155
0.33642122137774444
0.3343058269252456
0.3681903416494805
0.3394264682541591
0.3329831320171927
0.3586849780395707
0.3989938668436656
0.3295916730269409
0.33828752291635644
0.33061264954319236
0.3351290622559664
0.33049526823370656
0.34317010498541983
0.3330033600960626
0.33384135362669654
0.3363998346051544
0.3336959152039105
0.33676208760830767
0.33622492399096676
0.33486445832219314
0.3355259650240084
0.33465700630464335
0.3336154372793218
0.33462887396980245
0.33476690124723557
0.3308951432244999
0.3359061651435221
0.33221069363014366
0.34734335508222164
0.33463500832666004
0.34539034624341447
0.33080094990689624
0.327080058610229
0.3485224732782161
0.33462069884658063
0.3307982425963172
0.3618612631085448
0.6601016386100895
0.33645286873451885
0.33554477072848177
0.3334526291778361
0.3660111390918252
0.3340882851336043
0.35327545672080735
0.335644242083121
0.3750806174185277
0.3401174679488852
0.36166565612505586
0.3378309025284987
0.33469804160410305
0.3302785060624151
0.33504568975743587
0.33663887809876836
0.3276529133978116
0.3375582513205851
0.3326461852116217
0.33426466126944665
0.33362920434620297
0.38026245111475176
0.33010753543135646
0.33276003797080683
0.333684029503368
0.33824679597723256
0.3378391683578954
0.337290927484268
0.3233154013967135
0.3803764392528387
0.37632441661532373
0.3839064399065831
0.36580508054460364
0.33560367241454336
0.43393985322534945
0.3809014325439742
0.32733600682451935
0.446016222777511
0.3344116814584938
0.3369046245453426
0.3385318600785299
0.3325138423169951
0.37675438365354436
0.3371874553447432
0.3351749622540162
0.3333216653700363
0.38540469355317664
0.33928640250400344
0.34307262576845843
0.33576623446816306
0.33151713125029053
0.6609925726021308
0.3342859886001721
0.40299590720738526
0.33246220139792276
0.3331980564754536
0.3344196549380605
0.33617597293217094
0.662677624100819
0.37401812988252364
0.3336040019565715
0.3595081556303031
0.33909843950517277
0.3771571523672246
0.34564249399012426
0.33803656670077514
0.3622941469897384
0.33456674311417184
0.33513210861168774
0.3473938578568334
0.366037760943283
0.32949570046208615
0.3314024908899238
0.3309230466242264
0.3382681197726699
0.33103745944208973
0.350376683213005
0.33653150272452514
0.33673049626810203
0.33443301886539595
0.33582231245372335
0.33536802030678403
0.3291974868490371
0.36644793128053194
0.33780387029386766
0.33646337904507617
0.3380853260899742
0.6625301443657081
0.4113039426436907
0.3370838415635835
0.3374033594466806
0.36877695125813803
0.33182785530354275
0.31872186308319284
0.3689709206003532
0.3372751522501241
0.6618024561365945
0.31850033578381076
0.3369955024121075
0.3345317811836843
0.3328265391761926
0.3342992080446759
0.34363316967299673
0.33444846699975367
0.3297412958764917
0.33407093552610007
0.3286295365569459
0.3608218271757742
0.3844112896981445
0.33275499961618377
0.3305272541841139
0.33042188686960766
0.3387075754768028
0.3386878463244789
0.3340105131119542
0.33367476727158174
0.6623304743906816
0.3387861498329588
0.32779542516903454
0.662139800444648
0.35748018999640063
0.3360868366470326
0.33096986584010996
0.3254838223377937
0.6615562774097866
0.665072386530091
0.3375781130885988
0.3394628082914509
0.661466318681182
0.3258937018092371
0.36384868680994636
0.32909694742281576
0.336259682256897
0.3394548776958622
0.3604562945062357
0.3350870169064935
0.33760517294719844
0.3675027778579573
0.332608456207576
0.32343769552331453
0.3254774054640298
0.3380068853613547
0.32864259408123303
0.33800038007218647
0.36261239136574464
0.3368644581099858
0.3381186314051034
0.3305839049822119
0.3352278240772458
0.3189234829716129
0.3386959594367999
0.4213612713436108
0.35383540455903295
0.3578280591418899
0.3374652963719546
0.3368514250226734
0.3259681828723607
0.3283273983311062
0.3305359047415845
0.40455129957648767
0.33356717342881936
0.35302906909650084
0.33128770278936365
0.33581000081723306
0.3338226066151625
0.3316117878685431
0.3921644188905282
0.3709988272297883
0.6605094503416769
0.6623895999066939
0.33318922095483455
0.334719839487797
0.3327171256520091
0.6584183097096107
0.3393658579470514
0.33064400917766856
0.3353827422126795
0.3370672244932726
0.3574876005027991
0.33571219611884834
0.3342383098477956
0.33182657791319026
0.6659878622195631
0.33605396054424425
0.3339569534984426
0.3641358122271373
0.3408821878433179
0.6629479930051778
0.33847876346857614
0.3303673338219475
0.33642642223076663
0.33630087309346535
0.33374543820573294
0.3399312933938044
0.33254299080726596
0.33351233587627604
0.3330400267193211
0.32456043025209
0.32923955353369905
0.4142391851762725
0.354653533594878
0.3161118803594541
0.3964047177161126
0.3400676152523285
0.33502503175254217
0.35506990986128006
0.6611853197545459
0.3290524845695291
0.3342207120212344
0.33590415097642307
0.3322624647060118
0.33684134621400785
0.3389085021528577
0.33157974444906246
0.33047953398521535
0.33806263735899733
0.334947129826706
0.3377138229127473
0.3602644764177781
0.33579775964401243
0.33166653232049004
0.34051608449761855
0.35757439545367686
0.3328992285686149
0.33460724032560246
0.3353049883971109
0.33931811545765334
0.328837733283083
0.33054414324691833
0.3362323354259137
0.3250181439786395
0.34595030410587485
0.3358334186315131
0.3772184514119856
0.3360534677551158
0.3374210792484932
0.3447157851676915
0.3627938760755979
0.33760546250839296
0.34765308132040657
0.32514649913831806
0.3258425738547178
0.3120332817583216
0.36096979277855307
0.3320721042855906
0.37649705760963953
0.3347919158250762
0.4034392980029611
0.33274590187223063
0.32876371608602245
0.33806365003006544
0.3285797582432624
0.37332086183962304
0.32653226778876165
0.3346947490809007
0.3671368584673531
0.4078278103822612
0.3380035468039014
0.3279310832597891
0.3151119063332686
0.33707491624216895
0.3260663117816137
0.33649261823452514
0.34006923742720824
0.3984541859158255
0.33340690622697
0.33511037204354954
0.38415193159682165
0.3904576954591324
0.36301734683840153
0.33565199342006513
0.38210185629403665
0.32812508679854696
0.33402659600541856
0.6637414763573344
0.3341940652458809
0.3331490901401514
0.3535671277028965
0.360319571756219
0.6626641737767464
0.32946613258310403
0.3114443195572231
0.33064153679387687
0.33877388279951726
0.3388593550503534
0.33549263747132674
0.3316081424200303
0.3489614277868674
0.3357293687397152
0.31683661082816184
0.33282093005087104
0.3365883766019472
0.3752381996127555
0.33423631543768223
0.33668590692658557
0.33174251254677184
0.3721278847804334
0.33362866670531577
0.32989266873613265
0.3327351491313044
0.6618687856461578
0.3355890919981779
0.3745287086520443
0.336238443190603
0.3872462075194381
0.35980479741500543
0.6643729278357752
0.33388723282901
0.3862660914070356
0.3127572211057302
0.35371797157721807
0.6627294498005739
0.3531808777449675
0.33457189939061355
0.34628335600755605
0.33015823547469275
0.32662939271509306
0.3320898790090845
0.3400974505450774
0.33226840224323684
0.3330423051832373
0.33645454773593675
0.6657874114602387
0.3315706491409454
0.37885776462090354
0.6656143075649592
0.41321710138394313
0.3511799584228944
0.3321243481318787
0.33591282302416425
0.33390122955581153
0.32762188163740164
0.3308926415726844
0.3328382951772542
0.32973154427235546
0.33225928962866524
0.33576292580185063
0.32752519125150903
0.3401036288833512
0.3369353324034227
0.3379517022275312
0.33267784337656375
0.3350188159860802
0.33491434735690573
0.334978512079985
0.32522304415922776
0.36511666536960946
0.3347825012840934
0.3350162091145612
0.3375377959549252
0.33538372379377057
0.3263159092199701
0.3366410788025529
0.35002633292216717
0.3343797735184087
0.3501091437010335
0.35218021799201865
0.33068744871701655
0.35263974882343185
0.3550978262634327
0.3396712191887077
0.3282095825892227
0.3300544310451514
0.3362572627023018
0.33599814612125184
0.3309034194268747
0.3584500823177221
0.33435260584878773
0.3359451947021118
0.6593669857562363
0.3297218971412151
0.3359016089869505
0.33770567100977605
0.3345312255360946
0.3363848075266209
0.3246551948384744
0.4266415915816349
0.3336239438830571
0.3324016626554436
0.33238612378287
0.3153252912176371
0.3341332846848712
0.33672421533167635
0.3205863308519109
0.3507973324864101
0.33784043048818413
0.33621717685032243
0.33704686796499583
0.33395802420264886
0.33251125508344626
0.3116906073698986
0.3674534453034763
0.34872478490619463
0.3376286705211557
0.3383787175912673
0.312886465502562
0.33100080313051905
0.32936547782555875
0.335008233154211
0.3361810490631194
0.6616655417326138
0.3362622871822589
0.6603696145331995
0.33004454166158964
0.33883143255655795
0.331623005509232
0.32337612438941776
0.32639359333783413
0.3437067838195394
0.33653608033410976
0.33690963451999145
0.3775408037760559
0.3380186104057763
0.3294727299372716
0.3750904628917992
0.33865510927907067
0.33098077009242954
0.33760001234132175
0.35384652080078693
0.3649502690838722
0.3464937908128241
0.3255830879935092
0.3806453761392774
0.35707887355096923
0.335033199772
0.37517489443674884
0.36531562058225486
0.3365677163038499
0.3374058303103148
0.6619205001627108
0.4590502100991583
0.33528175673553445
0.33421115373987675
0.3345265671195525
0.33943557703282684
0.33453250900971326
0.3450936937821826
0.37807608978496315
0.3325021880904988
0.3436099364896302
0.33157099108701327
0.3385999428792515
0.3376492001189037
0.33167508407849683
0.33617456124635053
0.6632450737541054
0.35420652962784416
0.336140190125642
0.336616635060302
0.3365338846067781
0.3571853224499382
0.33995949474284837
0.3314753374224614
0.337774129747228
0.33357854090161104
0.3610835023849979
0.37148972021968496
0.3388344625317545
0.3315642736994031
0.33417417977577435
0.3573291255796329
0.3783501730411433
0.32532957367668
0.35305818667778854
0.33449544131469827
0.33338703628276123
0.35173647085562687
0.33244435435604625
0.32870527875610434
0.3319374011429798
0.3276593713138469
0.36397909428108693
0.34072160780802685
0.3856316697384749
0.3305247185526574
0.3375990672667475
0.3551087926764626
0.3272908220666944
0.33760495016637737
0.6626668146723721
0.3509542232427451
0.3587867064856324
0.3308699584928323
0.33580801164346735
0.33383682079060345
0.33315042935728556
0.3436391329378989
0.3370732876001309
0.33284828249323445
0.32693042500652303
0.3288422362245779
0.33613428235076226
0.3362687044749054
0.3283416914789257
0.37773690638292384
0.3541807265931073
0.32714659991985573
0.3396635769944299
0.3385040377391724
0.3351054909461011
0.3338593280973615
0.3436798728620863
0.33876676373039993
0.3371991587981114
0.33532488459845816
0.32083465185344107
0.33522401748629127
0.33949497920811633
0.3370723651394626
0.3950168176755007
0.3343356681134296
0.33713896556240397
0.3369257491631157
0.34739664340122883
0.3359245505559048
0.33550551187923305
0.37118279229256496
0.3378172531605863
0.3385726408660928
0.33777399975588396
0.330897564666372
0.3188797958825057
0.33051151721317273
0.33560322775543616
0.3290600892150213
0.3407224109393543
0.3298063600383411
0.37394258505183425
0.32483980050032624
0.3387669739110644
0.3358764910253405
0.3349658730386651
0.33295121795602284
0.33561603459368866
0.3342631884555739
0.32726580071742617
0.33695354726836096
0.32450271604000064
0.33699995878934397
0.33002123986643755
0.3242221191726105
0.33432552105035507
0.3194343563675299
0.33094276253688404
0.43258133203172056
0.3259777823265176
0.32741324292922586
0.3498381436484632
0.3346645193974631
0.33325088759987265
0.3346865743054476
0.3711089349174682
0.33558032527758813
0.35998771532037327
0.32481406939211205
0.3221952884694937
0.6610850995266992
0.3673254353925696
0.3581940665619923
0.33618173689108527
0.3287353637721195
0.3387972662717262
0.3384825370549999
0.33401783981745153
0.32455002719584697
0.3306106130860703
0.6639013998920753
0.33434664814012743
0.38100686494023217
0.3524188104025491
0.33648925727112977
0.3557691478105708
0.3378516105431884
0.3293323353697885
0.3378256681599913
0.6631882867275667
0.6631095104228697
0.3292626494482166
0.33027421177504745
0.33249136750541475
0.34123416765944226
0.3301191870215371
0.338175198337022
0.334879759906446
0.3546248294536018
0.32174837018373137
0.3265054508922607
0.40343908317279376
0.33847026996362056
0.33554194134796983
0.3603868449013639
0.32126485138047317
0.4100632030734246
0.3345792103302555
0.3821776353272525
0.3323222817403104
0.3348416780605903
0.3279656924059079
0.3349439452247951
0.34971251409889353
0.33302553681432906
0.33474425916697464
0.37720342426044273
0.3313103847292806
0.3185940612382145
0.3328680404490236
0.37854392201703035
0.32746872876461813
0.33109794774956347
0.3356585729178864
0.3702498536110532
0.32453458338375857
0.33656691703251546
0.33394292346578114
0.3355707878125775
0.3372554006545219
0.351520669011671
0.3720928873053462
0.3388267287125543
0.34356902617199986
0.3560357005591966
0.33045646825881536
0.3340465704222433
0.32813905043501496
0.3928826468557612
0.3759200953493881
0.3633946734825503
0.33226799519070754
0.3342264688435121
0.3498504746011786
0.384080099649214
0.3156156902377472
0.3358461918393502
0.3409530751012391
0.33728130246916577
0.3332209408320497
0.35197820337641283
0.3339958828795712
0.34153770334394434
0.3354713833953761
0.34767599371158325
0.33396836826134535
0.32705530126207316
0.33606600587279273
0.3354942981311967
0.35850823890436256
0.6624973521887336
0.36230413778878334
0.33525595521099893
0.3476234606735415
0.33029653018098026
0.3343752053173545
0.3810101994202732
0.37932848387436147
0.33511763812485257
0.3216819104854731
0.3962212406503784
0.34440483710612224
0.3569107250084686
0.3466940944530259
0.33342857508963125
0.3606471969918604
0.3366390854817193
0.34007472613617373
0.3328267156702699
0.33288094031016996
0.33969246753459714
0.3336394346863037
0.3705579349504865
0.3335241797977622
0.3566904385305411
0.33586336028830077
0.33887229976770716
0.35161648416457947
0.3280131324803614
0.33201049208775135
0.33397984393459257
0.3360349731053479
0.32681654073159405
0.33843136393104034
0.3481421781914915
0.33696873034007185
0.3361289299288446
0.3364444214375873
0.41455364524935456
0.3342196657127835
0.3728682907644784
0.6675601251804789
0.3279452072150234
0.3346970263830121
0.33656419744154065
0.3354725037107247
0.32184659914526403
0.3346809312460023
0.3382673728729789
0.4002015191553113
0.3193686708807395
0.3767535820306081
0.33685584005674807
0.3363546992117104
0.3535284974368772
0.33074242397675796
0.45724171020271703
0.32971204145049565
0.3302910386907027
0.33542980392221466
0.3706022150559165
0.35610555424479956
0.3530124557356243
0.3314741995870661
0.3382003365846244
0.6622591479073285
0.331031325481618
0.3339715526523717
0.3402382969898487
0.330271108436621
0.3592644103864181
0.6630371795735407
0.3325049842510178
0.3327850457723952
0.3294131924628423
0.3329276022082652
0.3342401613246066
0.37002606621586603
0.33354742157834233
0.3187504946176925
0.34811217318847854
0.3234510934201122
0.33619682783546606
0.351613898854435
0.3357062870467526
0.335284530319167
0.3310760328067574
0.326529207478082
0.3283281105850721
0.3366379853578027
0.3363561279711215
0.3939823877958248
0.3375974548543439
0.32418790561759386
0.32706578954066057
0.3229239119428661
0.34192183877668914
0.36620118454640943
0.33226217526267293
0.33600537148583637
0.4157228791561532
0.33458596357944936
0.33527308824275576
0.33658339454073394
0.37156847504048274
0.3323415326700356
0.3377298091093103
0.3593307454462257
0.35484261635823766
0.3633987824172973
0.3378133939677499
0.331119882812338
0.3355230730144312
0.32951787302479635
0.33541415495758065
0.3354989935080886
0.331957409831196
0.33091677229901506
0.32173329941220347
0.3324654819208535
0.3501281454592008
0.33802256748813225
0.3919715721229192
0.3336593060214161
0.3625033692778631
0.37347380027754606
0.33510563028786167
0.6653347875093077
0.33856277054548384
0.33613446905466315
0.3353617105276131
0.3337228609309458
0.32424921755164715
0.32786293263274907
0.3306369766756766
0.39144693084684273
0.37349129644740353
0.3557881999578825
0.33320266815604915
0.3382620244503564
0.3343163819592261
0.33504211661581923
0.3332484046515295
0.33960167842127426
0.3356393307296073
0.3304013924454114
0.33499236393355386
0.3331222430467976
0.3487523289402171
0.35114640300803485
0.33628115486181587
0.6588975671159168
0.35602627259146497
0.3390840924658992
0.37240878779249437
0.3284404674045426
0.3355082592200224
0.36509628579689907
0.35071779618532245
0.34129894830059204
0.3316009144661982
0.33669326888601386
0.35392030002531727
0.3339063129075851
0.3476395832214044
0.34594443797290914
0.3592785699482498
0.33569943655234563
0.3439355534154281
0.3467977995689739
0.336723270253997
0.3346895663727795
0.33411658117530046
0.3380790337179235
0.37546319799113975
0.3862153055894853
0.327518886395208
0.3297463128613882
0.3333095017818386
0.33236928956336215
0.3390386515707723
0.3288325457040889
0.35298180733604007
0.3313818786822381
0.6620933482766248
0.3332096583144902
0.33625357677590134
0.33785000705342316
0.3377329368669795
0.33745659548128215
0.3371049753457169
0.34396251765049685
0.3576044634438649
0.31057284552914044
0.33844990670839875
0.3352155640692417
0.3327169787714308
0.3350983847545314
0.3564323525535628
0.3326614320795539
0.3339028087010499
0.33767981375387324
0.33860795374583674
0.35115072545144776
0.35343641379321855
0.3318764049894263
0.33965490380123636
0.3345811456281813
0.3345949317105362
0.3298987258087085
0.340726827302723
0.3544626474952653
0.3850760043802867
0.33476036137639603
0.32922511713573455
0.3349930159791657
0.32272896715592964
0.33461741622107954
0.34189237984703724
0.37895885092179415
0.3654108328279587
0.36205496022510303
0.3655202185509399
0.35747062894578274
0.3796630817672465
0.3370697720757234
0.371788361410872
0.33697362507914336
0.3562401100816819
0.336800883462072
0.32703926245018994
0.33224596157401287
0.37021795521409695
0.36731478623401687
0.35785625626802514
0.6624615390644464
0.3324833851654045
0.3356622721734018
0.3629315644628967
0.33555559922469125
0.33676296447509146
0.33733065493511777
0.3303886483395539
0.34752212116496256
0.335807154545888
0.3714381171347759
0.3344459053342114
0.3607223073028364
0.3496637977865641
0.4086227094355972
0.3300657713524591
0.335928630970827
0.3273137439271279
0.3345521123611188
0.3923956105339339
0.36608691547484545
0.31996587912339464
0.3305561741176267
0.33472149777715127
0.33419989501980507
0.3378499424859967
0.33297274987498265
0.36239328231779816
0.37316747044923865
0.33286634679080557
0.3367609311756529
0.3322894557067975
0.33575455880406985
0.35825561931152483
0.3327738726111403
0.33751972125649543
0.3377744054251658
0.3345082377772708
0.3306408893274098
0.35120316648383554
0.33720214074354476
0.33351713472378913
0.3285996183860376
0.33578304460502967
0.3541942612604815
0.3802892901055372
0.3347128635589912
0.3877511801572111
0.3377720434212105
0.3368987633719854
0.3292938834387157
0.662642411504496
0.32368344493978557
0.3322314731242673
0.3386834337443329
0.3325447453347068
0.3260551519074969
0.33253267306836815
0.3389624418283433
0.33478876423205084
0.3600610027563902
0.33939819936187393
0.33046539705241396
0.3354927461595213
0.32886445944255777
0.3366123978921333
0.33534722506689146
0.33988246251708054
0.6633461338801598
0.36824215551615064
0.3365362455864819
0.3319804688410742
0.3366315821199933
0.3358239370971634
0.36437987290132556
0.3617948033100517
0.33224067800559054
0.352415350954293
0.3188160160257194
0.33103128373508217
0.3312545667679902
0.31920320549324643
0.34291003628001415
0.6670403543561845
0.6619827327300313
0.34957998271278246
0.3955763087392073
0.3785583510589765
0.336061905556815
0.3503014709445506
0.33771211449551186
0.33534005604863054
0.34048549494204716
0.32870798367239695
0.6643893905861551
0.6629955054975336
0.3384241755804207
0.3113709741745335
0.3617520485471442
0.3371385263413957
0.337251548645138
0.336825227406398
0.33008249365413017
0.32844560597727557
0.32906862306803897
0.3389538870822291
0.3637581859757349
0.3631846145143833
0.33549272158371185
0.3203562718022233
0.33389035088700664
0.37175892959597107
0.34075506835828706
0.3363730373626477
0.3363234961646466
0.3344264024768928
0.335205562334861
0.32157332145770207
0.3379069066190291
0.3463006775298809
0.33552665001718046
0.3460811942571162
0.3327181288596743
0.3336893384529
0.3309258097896061
0.3401490408314624
0.3965833631978722
0.3358292583202976
0.33755022152338054
0.3288124311065055
0.33570987743271175
0.33788959280669645
0.32997763926910756
0.3595788145803182
0.3602997266445806
0.33715242554442765
0.3519488374743665
0.33061277943470774
0.35104070660670067
0.38892770592845594
0.339601054923371
0.33648834849269127
0.3338286017484427
0.33494251822291454
0.3474272185683504
0.3299614895669025
0.35890040993915007
0.34497466056857967
0.33155609896716126
0.33850991013896053
0.368561311214649
0.33148530118155756
0.32974945909760583
0.3368379838331476
0.3350606195930106
0.3267601086565367
0.33742789427934916
0.3330405179055868
0.3352547006407877
0.3653550774768518
0.3318350648272802
0.36668145092023813
0.3355788327400778
0.33105006426014827
0.6594766462835614
0.33500373670467126
0.6597782960193807
0.3329444648404152
0.36384868727266895
0.36340018129054463
0.3342576439041834
0.33541107682363624
0.3390020104760071
0.34713830907064513
0.6610209404708403
0.33408874080827194
0.3290001827527057
0.3395573357139524
0.3328424643123408
0.329500507022805
0.3385618523621435
0.3353201054875343
0.3334335974867351
0.33395020958585775
0.4038155634463542
0.35912998465523005
0.3515934159051136
0.33808490667878455
0.37741551741533114
0.33031081328880774
0.3355295883129656
0.33723607665336824
0.3307373506416988
0.3305173829379048
0.37797677448236905
0.3157708701286293
0.3348945319686957
0.3349973585588943
0.3328778166373946
0.3468945662513003
0.33871836737564553
0.3353176187040742
0.4067161936218388
0.3316517311266255
0.6630548395689859
0.33962576283100043
0.30698206177188725
0.32977440202577657
0.4120678050757299
0.33349514356434556
0.6630447939612717
0.3385547709794613
0.3235693598228206
0.3344212842750106
0.32851137231422595
0.3581368202545501
0.3598920884813684
0.3115216590086428
0.33555174078309985
0.33597589905292924
0.3318561915557301
0.3329837104415903
0.33063393891781045
0.33181174292090665
0.3360283819591411
0.3360867586368758
0.33555533692840195
0.37534867066758276
0.33559786155331506
0.3527348762190871
0.33434549610722003
0.33887850485670146
0.3766289798842207
0.38849753260551184
0.3322379702652893
0.3555683158108736
0.33253724578280663
0.33614408692476194
0.32890984384485406
0.3371650812967511
0.6630998533588408
0.3269212921810209
0.35895748466488225
0.3358007536445497
0.32799291269678765
0.3284037775786429
0.33442467822791866
0.350918488365078
0.33368609013317174
0.3336791493246349
0.3838145390249606
0.6626909012318735
0.3623421480271914
0.3320748581736035
0.34685342289701176
0.33359303617165686
0.3305670612034029
0.33112181625978365
0.32809637998701735
0.33605654562875964
0.33009614312949465
0.33198399827631925
0.3325379260515787
0.6647216843561959
0.3323344633826482
0.3694733973760799
0.3380722414100426
0.3388554446264205
0.33593228032642725
0.33055784363777474
0.3412325441841191
0.3367958209123266
0.6606597678342209
0.3341979142955234
0.33741608150740005
0.3613823222083535
0.32838643446078847
0.3360857463824644
0.6615645486432199
0.33630225678412473
0.33323947026782025
0.32527760736525624
0.3335963377383151
0.36677915588149557
0.6625397611117381
0.33188333444823054
0.3462694039802832
0.3337471452209148
0.3629657086603339
0.3706327193156327
0.33595387410066374
0.3287624028517465
0.3345517035116046
0.337992981777288
0.32215054077737115
0.33172483139287096
0.33485700451888417
0.33737231502476306
0.36560593758215126
0.33447021930024884
0.33256856554312597
0.32925294179914605
0.3320782263683938
0.3275318567686489
0.3345419663779479
0.3500844178172214
0.31830141231455034
0.33069935308194487
0.3359398418715154
0.33616657869737243
0.3356863952537378
0.38767435959439706
0.3323912241493248
0.3360746484629666
0.3403671216054276
0.3269292906751704
0.3371791509926012
0.3328026152771719
0.3357748032540328
0.3385231375132425
0.3379144718978395
0.3322135171565928
0.35885636741337873
0.3317909612155786
0.3296813893540285
0.3656057395495881
0.33125405753484227
0.33427519837741687
0.3393008336139848
0.301327132464853
0.32882466141039135
0.32877482876679476
0.3301887233557322
0.33976920555355705
0.3327424815189223
0.3542510429614601
0.3381466053329716
0.3381737186426057
0.4050040084465007
0.3382949819716476
0.33806778332382
0.337668506704206
0.3355703810630397
0.34168883663188904
0.33699119373543646
0.3330250522957925
0.33443592019777024
0.3323696436207758
0.38312881774973817
0.3257164086125694
0.33646225455666845
0.32580540390101315
0.33666117531743867
0.363212193942383
0.3280776360225571
0.3537169660532735
0.36031995519845245
0.3319491446304453
0.33923997169211845
0.32860117958989365
0.3357456758380075
0.33704985740925564
0.34049401460874773
0.3358749905975676
0.33372423249634287
0.3302875390401142
0.33379497226040494
0.3557527640549311
0.3328690622413725
0.3325103425621647
0.33198421943388556
0.33339630757070665
0.33188650183195584
0.3304904678785942
0.3435172957475609
0.337868633850341
0.3359315662019756
0.3359957473767707
0.33275639009126096
0.33654316008253615
0.33932344326325486
0.3380140443963068
0.365702611040027
0.34794153203157413
0.3296595798616494
0.41254599659544017
0.33609104306838355
0.33143985116115493
0.3728387757883576
0.3317553687603858
0.3378866827568215
0.33412390119273444
0.40393059492168815
0.3350607100978929
0.3372287531668099
0.3301386803473091
0.3276121799913266
0.3272475489453455
0.3351734087770608
0.33799346489635185
0.4094056699203587
0.33341419577714015
0.3231764955740239
0.3465032114994267
0.3289490451540895
0.6623200277130991
0.3387255204651004
0.6612883396780752
0.33480983530734315
0.32055985649611407
0.344002630658088
0.339539657055159
0.3317447449580207
0.336770765120821
0.33988904730884717
0.3870169168926967
0.37336697096516
0.33704068504584583
0.3331597532789245
0.33450697450287015
0.33249115903382204
0.4030743210209424
0.3494610576528395
0.33220133640101024
0.3366553573452035
0.3274129299546511
0.3387777081224387
0.32556077548846135
0.351644443033099
0.3299534961384391
0.33720817711260204
0.3356966595454024
0.3315334948643264
0.3360411849218047
0.3408834369795986
0.3283005180398444
0.3552663911520163
0.3320287722199599
0.33649186980528695
0.3171711244515379
0.3551317229261449
0.3297634793359038
0.33409463023760155
0.3305337874004271
0.3353730896400942
0.3378530896256377
0.31941300323174426
0.35397372367986774
0.6582373072744381
0.3343399929583827
0.33915436347783373
0.369039171905506
0.33218785182033694
0.3304238623915253
0.3664315753014455
0.3381342992434834
0.3356504709075946
0.3283123617867205
0.3644472904227137
0.33288324108784595
0.3819800398946728
0.3265645151680884
0.33506791149907855
0.34113183783884804
0.33222731583930026
0.3372290566190555
0.33131920755214944
0.32186852924538745
0.3282077014246758
0.33129192286316544
0.3279432339391082
0.3397930524607048
0.3390709539574961
0.3428549121035356
0.3356119558026497
0.3347147964689496
0.3373338219584052
0.36412284220503643
0.33282247564092793
0.32943100949882065
0.3242394895164825
0.3313215407884268
0.356923513701029
0.330464614439364
0.3255292887825885
0.4120135679208611
0.3314587393629002
0.3364965391016977
0.329484762646482
0.3286360648139174
0.3314934451134908
0.3377992581892122
0.3591394289602368
0.4337351868664343
0.33580403605155973
0.32762519310484645
0.33582113472849895
0.33621710425810586
0.35263354007814546
0.3316458449193082
0.3296761492874469
0.33773146902637713
0.33579969011236815
0.33740089167175147
0.33041918037157403
0.33870114892095066
0.3376675888946991
0.3804188766003241
0.3510769846229663
0.31321998743075374
0.335709583287591
0.32924141794227707
0.33118078833818554
0.3388952978705282
0.3485444302421004
0.33837614359006013
0.39608261339953504
0.33944743311261827
0.33114702872508717
0.36451703452160433
0.33577497158607456
0.33857965268492946
0.3369040734857665
0.3344610445841275
0.32790296517207135
0.32997991914731
0.36985838378738484
0.331827954021611
0.3489846010075047
0.6629837022333487
0.33747637516952855
0.3772080564511491
0.3382154731738556
0.3304344186027716
0.3688461822257453
0.33042264372580943
0.3611398200876823
0.33482713303661016
0.3358370547020017
0.354640731465809
0.3323483209436997
0.3377581599215272
0.35769400356599107
0.33337400619102064
0.37143492783851007
0.33919289339888675
0.32547585929926653
0.3384713238475513
0.33736979939772427
0.3344283801107303
0.33809845657780563
0.33747866151854833
0.3650704409078629
0.33646284051572845
0.3640663839218837
0.3296654499905378
0.3409212936180091
0.3354788485064514
0.3292847546613351
0.33834392974110217
0.33793170010713725
0.32445994899436104
0.3721221926988591
0.33612750953319315
0.6643901589396938
0.32460889871925097
0.359130857009561
0.334963083428827
0.34581938116994826
0.32681417954583364
0.34996306521955517
0.33710155957478466
0.33762838007000706
0.3602461861888117
0.3375610636817902
0.6602828477996622
0.6630056869227243
0.36032842193994546
0.33534272631091394
0.3368752784878569
0.33409125588729033
0.3335994995716262
0.3370120012998619
0.6630509549418593
0.3382743164522352
0.3606185151312066
0.3319189639236597
0.3358295214997439
0.33257280451881444
0.43184740950336337
0.3327297941638783
0.33554691059323627
0.35729548139524864
0.3276707967234898
0.3499958215713954
0.32950802251936423
0.3349457626405703
0.33940957279535167
0.3371388294015132
0.3309089526735055
0.33248284992294647
0.33050498010621876
0.3665135260689004
0.33709824460292903
0.35008780054847854
0.32960492828423227
0.3349818963678136
0.3242699952051264
0.3381699777399781
0.6619182335363836
0.3289634052276494
0.3346498243794593
0.33845282185597403
0.3374272939782826
0.33937621462257295
0.3346142362436132
0.345023468692443
0.3357025539084741
0.33250589414116266
0.3350234328597332
0.6657686209459562
0.38080954740366285
0.3574050533126938
0.3295937669309629
0.3413248591336296
0.3631593069098338
0.3254889478336862
0.3258740507189351
0.33060429201584746
0.3254262773008235
0.32248091789999933
0.33645009965285394
0.33710299580517544
0.33551207639045383
0.33826349678509293
0.33098118776245905
0.3355678888857655
0.3801273117660912
0.3387766865414491
0.3326567335652757
0.3767265672142537
0.335151465917624
0.3316408074850139
0.3313355552242165
0.33599934482224114
0.3271149742695633
0.3357879734256223
0.3387976795286929
0.3342079736016662
0.3362096439153107
0.3768470348244764
0.39053263137327443
0.339429830884365
0.659842058882742
0.3331250118229216
0.38431338269898385
0.3608806975160236
0.3369024949625695
0.3301684106779119
0.3319745896777322
0.3447746519422194
0.33565946988977435
0.371677494395552
0.3241981543836104
0.3299573893447831
0.3275198813904739
0.33799178033372007
0.3353606071985252
0.3429127696797655
0.6654706979510964
0.3358828723314915
0.3365309916782247
0.47043900107065073
0.6614059032671151
0.3384125161318253
0.36528449521523537
0.37705420742309464
0.33694473035061245
0.351539579473443
0.330749402750759
0.3393013795287185
0.3381831452007503
0.33544426004106837
0.3361726119836151
0.3708286158052942
0.33242221156941687
0.36869651630657396
0.364045672398926
0.3284340171321431
0.3331667553241646
0.3343266211312981
0.33366921928311594
0.3290464158456315
0.3626761229604596
0.32324724467653304
0.3647849667351165
0.3584067987792916
0.39206208079671906
0.3326379814227426
0.3379468782108975
0.33842163548620996
0.34052868840254996
0.3341915139205765
0.32888478666964116
0.33934726161283785
0.32390455920527167
0.6594008564717869
0.3319566431402378
0.38386607936186834
0.35812984723141783
0.3278608193086804
0.33664293109408816
0.3369144055659881
0.3394580498634545
0.4673314808105825
0.35015073517036965
0.661608175065096
0.375333661660606
0.3336902310848557
0.36135131409322857
0.3330980499348747
0.36152519283042905
0.33320266103448964
0.3297845949032394
0.3511511289149092
0.3876030853105546
0.33544177590972335
0.326308443496862
0.33863245417952925
0.6669312598330247
0.3356436308378297
0.37412040990029666
0.33497969459635857
0.33133423788974653
0.33107193802167756
0.3402354981351279
0.32504910721413094
0.3543755231044801
0.330201439680742
0.3351279656956177
0.3295536514589135
0.33785944561757975
0.3365433597487025
0.33270878634314927
0.3704235948743122
0.33532574380303287
0.3364961628090792
0.3357724604775362
0.337350298697012
0.37745422917673416
0.3475319968034141
0.33882377851736
0.3087341321889549
0.33856700723023986
0.3678526906653603
0.3544078699610114
0.33189787668247883
0.37660884179371185
0.35024132320397927
0.3344521966898831
0.33092402900257595
0.3388994747971596
0.35668040746443685
0.3501723651235926
0.3386613070021139
0.33151710714865174
0.3875398979234484
0.3439334538184535
0.3282743990830993
0.4043371191092681
0.3354310751513695
0.331098961501484
0.3344387903008904
0.3930408612596169
0.34339591409691855
0.33140002319404605
0.40561760992106993
0.3638077146780038
0.3389588597516743
0.33619523954820246
0.3362558640334698
0.5017239986470828
0.37086937256148067
0.3571832475217935
0.6648143366251951
0.3317160091278724
0.3302955841111672
0.33738937262123586
0.6625779287306652
0.3734039093654897
0.3360863772273762
0.3714978415844922
0.33332842271669094
0.33661844101528243
0.3331421806643852
0.33770081843660676
0.3464412890545523
0.32843215740843174
0.33103208085680325
0.32941713381869453
0.3405851047273742
0.32870724636483595
0.3478332651814599
0.3367140473173389
0.3270841281907108
0.3590827337996844
0.3395054336662852
0.3336224820305049
0.38419584115760586
0.32814366763919756
0.3237986317101546
0.6630018001125847
0.33152180861180874
0.3292625486502231
0.3697886307418423
0.3393500663516432
0.3352026489294639
0.3300975936509164
0.33074159620431726
0.3227776925767686
0.3672933987671607
0.3353783293812546
0.3763406228288399
0.31821795091160326
0.6602093571436991
0.3382102741743886
0.33755614359553443
0.3327221359261982
0.37822977707097316
0.34063726529723753
0.33734607249065474
0.6612490928068033
0.3337147299249393
0.33570922157297195
0.33776970314479043
0.3568317860444108
0.3344670533281511
0.3294535720093806
0.3600201161210228
0.32988531662113063
0.37438745227976694
0.3350340744576062
0.3358975312536933
0.33586112133294
0.33818939444093454
0.3282604784585503
0.34597290791133833
0.3375833289297261
0.3425199163418354
0.3308910002253763
0.6640821316470632
0.35247233848361953
0.3610386625765245
0.36529204991580405
0.6613815218928804
0.34586770685204377
0.33908516731224075
0.33167511709082764
0.33931441005757373
0.3268763233822696
0.35308177561517234
0.33733862313652463
0.35546775631041244
0.3416152761685857
0.6636775694343083
0.3342908910835845
0.3533279842235421
0.32893571781838066
0.3511583155254111
0.33776248721752344
0.37535627174616504
0.45105081113461915
0.34815058687663275
0.4124477022871642
0.41977223182996853
0.325916690203954
0.3391506891002193
0.3331420337847302
0.3362281423204774
0.3306773784605805
0.40514276516456293
0.36130686771888715
0.33390107532628993
0.3349362307172819
0.3315731629861338
0.663319721504666
0.33053063893785933
0.37004149917410245
0.3356499971321002
0.3809344259607978
0.3364324376481272
0.3353208054339843
0.35867809294577613
0.33627940189149
0.3369214129394705
0.37159266435171484
0.34471811921867984
0.33956268409670126
0.3362741565744006
0.36378777906482906
0.33987176441802674
0.338361765005111
0.3171209387802351
0.33251086589760287
0.3239201989462924
0.39095359768839155
0.3377592652765331
0.3319681259148817
0.3491414662195864
0.33607293476302236
0.33456835003139507
0.33692259573331035
0.33304355769921234
0.3329649999227617
0.33762119929034695
0.37346652870780844
0.35555054000337316
0.36262371681781846
0.36375727234010324
0.32690890238889947
0.6634829654728651
0.33662048696516633
0.32945694974346634
0.3256178159914124
0.36682805903361004
0.3294647408787558
0.6647434387771772
0.33064208731990313
0.660912639206829
0.3366673079440935
0.3531865995411291
0.3367729565252416
0.3339695549264602
0.32812325653998503
0.6669168588029013
0.32946678041002647
0.35814202060417
0.33908814788399827
0.35314060900273775
0.3407342586184569
0.6631438918840875
0.33814766863037
0.365997084509252
0.3379325198419763
0.35718778968643844
0.6627787809391522
0.3342207512659127
0.3362912799719833
0.3761011181309192
0.33881905632253523
0.33583720432471553
0.3664869794854991
0.3631282949953247
0.3343404335052751
0.31889401195229716
0.3325727042096089
0.3425858211002024
0.3564161257415426
0.36110935356629215
0.33512223643392414
0.320976318645112
0.3364909708314955
0.33132278238789753
0.3368062215673721
0.3652631096806221
0.3313766998015952
0.32951911537864914
0.39486702641735655
0.3347600771077796
0.3956380133026787
0.35773833279747635
0.33828881889016577
0.37572856562383466
0.3392919964036304
0.33032456257026355
0.3219916860852444
0.3298490437041434
0.6622111426261129
0.6602134419285789
0.6628808203322882
0.4146701574764412
0.33292595671732955
0.33495528500264815
0.6604135251996216
0.3462797978362436
0.3366972694743081
0.3356099877376519
0.33607811894019274
0.3515882191303906
0.3883096018512203
0.33509153930389385
0.3373498150615371
0.38890424601520535
0.340316793411586
0.3349939708434964
0.33457382779470307
0.34006600117689867
0.3314354437277473
0.36182387598549326
0.39641602994868663
0.3379590574444447
0.33253396394069706
0.33389210383684476
0.35719490990679076
0.33889682200814564
0.3315808197239398
0.33451676859942975
0.334782252735766
0.3352994818285733
0.3469201817663713
0.32296890460617744
0.661025633048699
0.3227493928567002
0.36814887051926204
0.33241847661950313
0.33815164129834546
0.3743775231996305
0.3360619537592615
0.33676150395203414
0.33298182511239105
0.3354030063703796
0.37999815369825524
0.3893946894776979
0.31495535162658583
0.33714234837812124
0.3208082822748271
0.3939523995719611
0.33835190599534076
0.33785170503097117
0.33217214700474845
0.3381955123706147
0.3397036612222205
0.336110767752561
0.35706260846611154
0.3367210282123577
0.33973352141939445
0.398093843886009
0.3367382255324243
0.32639377183229196
0.33221552730342435
0.3796292239603502
0.3362845879322025
0.3386613047888157
0.3392286046316993
0.3320145368207737
0.34779059330577866
0.35227838817629253
0.37813377952636545
0.3374409780800573
0.6627635642916896
0.31775210342796545
0.3973002072892695
0.3299571561164904
0.3303241310728954
0.3306269986007637
0.3505058832056646
0.6644391460150861
0.3181743176064289
0.3320377018746294
0.38104088060037117
0.3262579369080767
0.3613117554666809
0.3366044107052508
0.33907723516378285
0.34567437923663635
0.3388862312521172
0.33675211314218173
0.3320715236238059
0.3331865574125566
0.3300092413114924
0.33595336949790805
0.665554041176439
0.3347707270367287
0.31474125787142293
0.3550907918579546
0.3762374823446125
0.36084195301027344
0.3418862096513382
0.33778980277399534
0.3162247407220063
0.3646038299007342
0.33183225339519296
0.32834947105419254
0.33211900416063433
0.3305643674803054
0.3349356024469435
0.333994478085741
0.3498795472306608
0.3521809002995896
0.39386413137290394
0.3454865362126008
0.336405989170428
0.38832944954692017
0.3377472906514657
0.3289267821552077
0.3354050247238353
0.32034473124282864
0.6653314050657837
0.33427930502390246
0.3374415224909616
0.3496615826132023
0.33780159778298086
0.33509927662100586
0.33529131720501726
0.33768866038761763
0.33662487550870407
0.3342579545175931
0.3848572975710668
0.36123152959397864
0.6643744108636481
0.3858114596702538
0.33478821596059144
0.34031598033271176
0.33442819353870723
0.3752916139681185
0.3532604187499178
0.3299046379421514
0.3617864343214164
0.3338157342993065
0.33783717746090913
0.3269585293222826
0.3326948631555644
0.36816508449235485
0.34103770370458275
0.6618976442200338
0.33697405244089035
0.33254635561605406
0.3351117324522792
0.37367646437170116
0.3382186773134638
0.33429981520740804
0.33724826217227705
0.32810285204936757
0.3340109185361721
0.33890302885980567
0.33461947321655494
0.3328853192333114
0.3268185298971604
0.33311759698277194
0.403506101247884
0.33701103873369676
0.31798120631617793
0.3355832503253462
0.3383710763138791
0.33958145060823464
0.3377437579773756
0.37715979598994065
0.33438714358413457
0.3337865800520603
0.3467197003576085
0.33671086294714403
0.3336832293941947
0.3350811661899185
0.3321968538793031
0.32834449139537825
0.3289467158834964
0.33824126140653965
0.33737927195535994
0.338290588703486
0.3343570198456344
0.34108008618091745
0.3344769440780989
0.3368275909570049
0.3364664029374982
0.396527160049926
0.3900538458723029
0.3323008893083349
0.3404109290361288
0.3692205589574198
0.3397573104129827
0.3809840047667985
0.33777870308756014
0.33784938674205234
0.33315743195342756
0.33300007336550286
0.6629770203706985
0.3380059402110404
0.3264216894501177
0.3353784494118126
0.3331493468798403
0.33792268538004877
0.36975123994852155
0.35200891478392016
0.6609155151316592
0.3363217503717044
0.33312185344150835
0.32866520818858863
0.3353466393882024
0.3319493433282323
0.333049116199667
0.31581567216299866
0.31726768324935806
0.3342948122550153
0.3353450791734148
0.3324677843220819
0.3361103946214544
0.3728238317799632
0.32924307622309235
0.3504897155587624
0.3377726315278658
0.33854919732895117
0.3251179794599807
0.3424754769682863
0.37691492615687033
0.6616751397617175
0.35614289696950624
0.3370147746497917
0.3392491146310995
0.35274174954886645
0.3340395417362141
0.32940959429916
0.3551569312492986
0.3367749872548175
0.33358381962818917
0.3642520722212972
0.3335833570078436
0.33491286718579927
0.6630971230295816
0.3258914770393901
0.33971373179153597
0.36919949304926664
0.3324991348085145
0.3270180199654614
0.3295300649424187
0.3255025273594288
0.3352074658511998
0.3309037336987448
0.3700757650738896
0.3406173624093123
0.3380315496425575
0.33753986733357033
0.321960231183803
0.3384598898633607
0.332144908972889
0.36371349722431845
0.3308581041409432
0.33046460372153136
0.3682681373601936
0.3380427242206071
0.3322362688503843
0.3363732683683011
0.33089977479130167
0.33915865338179146
0.3392522547570787
0.37836343163418
0.33860224708872383
0.3384281129741657
0.3346144706092006
0.4019981690140586
0.33769655440353424
0.33776086161628965
0.4076963394800137
0.3348047760325519
0.4001839463967847
0.3284208284840913
0.3360780548838918
0.33331709021371503
0.35723840772590537
0.3818230616829462
0.33757403338992736
0.3381152823368559
0.3330696611437089
0.3314878517633563
0.6632291729235861
0.37318297851370263
0.33763875074144833
0.3422717936581186
0.3391156301169608
0.3355230258046276
0.33406068491174695
0.33799947123096236
0.3293058772223093
0.6594460487191944
0.3355145302000171
0.33341949344758415
0.35064921612686867
0.32931557823872143
0.4402424455077733
0.3327248728954385
0.3324263344940268
0.3356627084070994
0.335008676869143
0.39442650608056673
0.33755071957416727
0.327361505499438
0.36440741011882716
0.3395769327651321
0.33615838526201985
0.3317458655446274
0.3402012638178715
0.33011735308804846
0.3588035906366063
0.661571362582152
0.3741585799346047
0.3369565164112093
0.662001220835658
0.3293879229620488
0.34311618399532423
0.3330894796285189
0.37604307957781385
0.3488848838405428
0.33381539237469005
0.33973010942659354
0.3336888932434686
0.33207905154420764
0.33995405382481764
0.3297834273533795
0.4103815642496305
0.3309776788154765
0.32818382424394044
0.329898154345752
0.6645228595853531
0.3343030617784592
0.3774116428513894
0.3360755515699867
0.35656545328394684
0.3680700346875569
0.3359071977788661
0.3360190527382028
0.3554016362508192
0.3365892611863021
0.3234121172338881
0.34562464873066356
0.32888305337345175
0.33558976039811306
0.337925099800658
0.32794793451306614
0.33618185639924913
0.34662134079453877
0.3693979266482705
0.3327723017798676
0.33608692781032584
0.3888592074381049
0.3340982821568859
0.33297059203364576
0.3603940191262339
0.3364267121175676
0.3686200455357824
0.335243515016116
0.3648377209814089
0.33401277075321156
0.3870555180588041
0.3370424556425105
0.33547128071819804
0.6620914588065
0.35852073186790123
0.33070144023123027
0.33359663264757167
0.33126325147238905
0.3349989937231075
0.36362457063793957
0.3353835567285846
0.32969247322939427
0.33257290469416234
0.33345929790296963
0.3353921065945237
0.33786478924218943
0.3289453629016805
0.3348942656017386
0.33937730352567047
0.39122619686874
0.38799467536104987
0.36193595801483897
0.3383242782389244
0.3956754288995746
0.33653773026282396
0.3393567770394153
0.34799785100163405
0.33648869272053544
0.3229831173687903
0.332027101614396
0.3375176132104694
0.33241067838517957
0.33530419041299575
0.3352340553944864
0.3324410903854395
0.6615410209968063
0.3381259270713595
0.3320100981852395
0.336530473494976
0.3630171299272928
0.6636198417321227
0.6614973139312599
0.36874421975295274
0.3340958706911175
0.37579813308227555
0.33357970727165964
0.35343801250186313
0.6662105706634116
0.3243863392611387
0.3558853923669535
0.33406537000598735
0.3372413026841158
0.3321512951863424
0.33872679667786604
0.3367656346345073
0.3345275133910813
0.3313869273691414
0.36439528956701767
0.6623155626492838
0.3324840146417894
0.33642921504185186
0.3369245701554309
0.33215245547467154
0.3357832481564331
0.3233096362529769
0.3364723193212295
0.33225326208191597
0.3281323912572585
0.33030869962447074
0.3471570503063311
0.33022991483395875
0.3851473455118786
0.3380447451624735
0.3423787480375044
0.3368275587938365
0.3377687692778242
0.36871143613125035
0.33218831477659644
0.3536846630776339
0.34476069544624927
0.3329923039886673
0.31998235396085006
0.33522743251186515
0.33696794185379325
0.34094811765265165
0.33066261462921803
0.33065804721324266
0.3773178180955923
0.327638508587271
0.33342497653741887
0.33703438341925657
0.3612391719244831
0.3252092869000127
0.3455906835627498
0.326578912376245
0.36639792419578543
0.3461325883391004
0.33473330464923434
0.33741573544048004
0.33123130825926245
0.6638445874636488
0.33381046835280315
0.6606043147746652
0.6646424439822515
0.33137186398446933
0.3392699876481935
0.33169256005531284
0.3205660755970563
0.3749828297284564
0.3344566699893732
0.33353025538304987
0.3382222743147336
0.3338307301385363
0.3365604100346355
0.33423127859113655
0.33303450258740486
0.33701898561485416
0.33658087477110676
0.37596408025578976
0.33549085446806304
0.3349054660851977
0.3393489528162352
0.3781610492547441
0.33240903337505184
0.41686423820967683
0.34503145064962026
0.33662387615287165
0.33273369920499707
0.322873725982091
0.3302252707376738
0.6642105499173442
0.6650098666229933
0.3349939903122151
0.3287122359143641
0.3370020578617686
0.33685923176587235
0.4124241110247792
0.3382847927257267
0.33182944993881974
0.3396835679111472
0.36006945823826964
0.32863528949026083
0.33808226869208796
0.3379146687966876
0.33605290382116515
0.33237767104275406
0.36025331710654723
0.3348835292648832
0.3353841368005245
0.3362173230733071
0.33327629906595213
0.3295956600492725
0.3312342620345757
0.39060190128585054
0.3366147435415594
0.34793770997432083
0.32883597386848623
0.3690568352609661
0.3581187732613604
0.3489098799093775
0.3350017405429048
0.3584917478290357
0.3616905044416628
0.33582833984938004
0.3365833350567254
0.3277343312962426
0.4668185910500389
0.33325835890250904
0.38169152588448935
0.32960114484663644
0.36351071368625876
0.33444211770326454
0.33233088674637706
0.33516826376016756
0.3425335146132294
0.32745251948234266
0.6613680648561616
0.33447653279990297
0.33439775823334694
0.32853879161541966
0.33830060731063993
0.31713907682313514
0.36349052830940237
0.33746625252819235
0.3653000292102834
0.32127963690765055
0.4270678663868186
0.3291847930524675
0.3388751043911069
0.3324548070879388
0.6652594019623097
0.33741257164863825
0.3525995876584757
0.34466309401095346
0.3339185914331073
0.339222594544915
0.3340196820853136
0.33753832842348613
0.33562638498368624
0.32983121429042717
0.3337211774212627
0.6597627267128043
0.33317197986676117
0.3384852452945374
0.3261163694402227
0.3475944172797096
0.33432094325036926
0.3305218158635945
0.6634898022722899
0.3247123263018394
0.32659646305648415
0.36700378235470493
0.3327290495427578
0.33385306238834844
0.33292373702504735
0.3597536160072474
0.3346443514333857
0.3311939259639065
0.33471491971797623
0.38326469250607065
0.34807760431124485
0.3378355314993356
0.3354691792889613
0.35036730403012334
0.3680029102354948
0.36605445114583735
0.3222361494457899
0.3422115812169175
0.657999006626571
0.3388386166713115
0.3322133610785546
0.36870625574463817
0.32494934539259535
0.33657099720000583
0.33454106878438333
0.35946291151509735
0.6641902328110323
0.3551133267309698
0.3337473734877036
0.33742096339648553
0.3381419967088068
0.33614692692639947
0.3268188498438742
0.32601627841844466
0.3856234588923191
0.3543916753138811
0.35634549520162323
0.33344887718995575
0.38507823880790687
0.37118701100285373
0.3365035412604985
0.33689190392357476
0.3329515843265072
0.33586327388821874
0.3365559674576891
0.3372239182581894
0.3361779739319832
0.3367831893490823
0.3662860584009244
0.33689959882356946
0.33830742929799745
0.4152082813915749
0.3379333778528936
0.3566061675636183
0.3367513662999752
0.33696630273451467
0.6599544014043657
0.321345097095305
0.3574182878491658
0.36420183672281164
0.3627496215361567
0.6623717443203896
0.3347017049435919
0.3347156777468296
0.33043701902792844
0.3544059756098747
0.3524939294815636
0.6612732609348595
0.3331729137367677
0.35078342055417533
0.33666622689688674
0.3328651638982334
0.33044728357419473
0.33695452333923154
0.3364020709595469
0.33849601930220213
0.33650659768975094
0.3368466822584965
0.3314071203192451
0.3388999821024276
0.32667335474600495
0.32834587163230083
0.3997571144523993
0.336359758330892
0.33621225430413454
0.3322152279076502
0.33810357701102073
0.6606021815182128
0.3271580580183624
0.3357939079486119
0.3328536677017907
0.32527658738442694
0.33217840066619697
0.3777540047754681
0.38191319926451284
0.34636685513611604
0.3435921586887349
0.33629475573450657
0.33659873623534997
0.4107500159558059
0.33785359977325385
0.3339293168380196
0.33333942171397124
0.34567236734852513
0.3390306811027385
0.3599725754271388
0.33380520381440243
0.3342153678720326
0.35831928464208207
0.3397595690524298
0.33471518295623737
0.33640544631830765
0.3298445816656019
0.33774465375137697
0.38463014082113295
0.33159221760474916
0.34327980586022244
0.3250338822761307
0.33615304696473364
0.6610552934584853
0.3934536811412762
0.33926570433421416
0.3296646387596206
0.6616955843034784
0.3124441918897058
0.33332393116574816
0.3355903367682853
0.3341179781282587
0.3620855525540235
0.3263951493227279
0.3894926257885941
0.3347905469272112
0.3265241579444139
0.33563318457904273
0.41011719086980586
0.37717968017689946
0.3364871341130142
0.65956863187302
0.33581752987135993
0.32764431834244
0.3346936451892174
0.3754917151391015
0.355733346792114
0.33680595693746135
0.3306023218483341
0.3322805070352902
0.33497722196999047
0.34497710402006904
0.332144143390419
0.36867768725420064
0.3293234935760417
0.3479104345910484
0.34783042505945094
0.33301025921094624
0.33331977310852584
0.32324839208201794
0.33055080942802256
0.3457304789307914
0.34811037997856514
0.34835907666344174
0.6630351516031969
0.3785452776910279
0.33142558928301324
0.38370278706408906
0.41021595453654336
0.3318721525655954
0.3309986987507384
0.3315732352905796
0.3391915847438295
0.3313222525164608
0.3331083228119862
0.41819934018910493
0.32765672155719655
0.3865345402626288
0.337219216010251
0.32750774641948477
0.3310438809545933
0.33770816478476373
0.3312598870514741
0.3669099138829496
0.3551715910882824
0.33740857678964037
0.3479423110495994
0.33825026517051604
0.3362654875841514
0.3340572865789548
0.3735528101899054
0.32937877937106763
0.33096710783314565
0.3394628532636363
0.3265722592692761
0.35674158438294945
0.33742337823591567
0.3197196145083534
0.3495528411308959
0.3366938351235495
0.664657497684778
0.3479157655731154
0.33385943244043903
0.3921867626023516
0.3242496568342566
0.3362679630500955
0.3270728779329783
0.3273371076745455
0.33242010176236364
0.3302703113998935
0.33482955506400003
0.34947276494345697
0.366325279883668
0.3348739433248555
0.33998824647524084
0.32588753090566097
0.39132469273930415
0.3409559879556709
0.3367986231151832
0.32425654772876333
0.328765271895704
0.33440680373601506
0.3467457781658504
0.334512562795604
0.3387218346365462
0.33229366982494385
0.33288713443034657
0.32890664711917494
0.3361673732907051
0.3533766334415456
0.3296471237569643
0.3297652263538392
0.3662456917898432
0.33643933908834
0.35077271997126186
0.3738860054341557
0.32413445810257374
0.3327622278371878
0.33491689252046464
0.3819786701859267
0.3350616265867482
0.3327254757366398
0.3313021823940738
0.3260836667693582
0.3354623205999921
0.33204751083556994
0.3386420160430184
0.33217529431406706
0.660864154024905
0.36860768691773843
0.33293103024971304
0.3681331738191641
0.33083285821153285
0.33815095479675666
0.33494761558836456
0.33109862491434994
0.3381134304324356
0.33123627734199285
0.42940008754703346
0.33675730311469265
0.6621690038608039
0.33627231403425495
0.33827065294621383
0.32383802142192447
0.3634034823766433
0.31056178812301327
0.352257388409945
0.3350745341184486
0.3386052662886858
0.3382160999418546
0.38812068826530044
0.3361556557371068
0.3833074964133012
0.33080031359572754
0.3341993440100729
0.4104651871873911
0.3382455837501072
0.4466039982407722
0.3365317207094278
0.6625481808641064
0.3371617117091532
0.3305360174210918
0.3336449384525775
0.32622857425339646
0.3314099709244077
0.36268012127619753
0.32979209124584224
0.33506189372878237
0.32793585566483563
0.3378946677594697
0.3620037910735144
0.32495675665456547
0.3325869984767052
0.37591932689474195
0.3304732149693792
0.3337248781097605
0.3656043481041921
0.33509709022694856
0.33469706652487946
0.33104038644974876
0.32809052746655587
0.33259333610815095
0.3382442731096343
0.32339629243037205
0.3257095831559011
0.3642227945130039
0.3287013687034246
0.3990768141247022
0.3368553330041134
0.33321168780286725
0.3368002726360806
0.33019058503821375
0.3330101915583484
0.6643347645196307
0.3268246275131486
0.33745737979480495
0.3637369594502127
0.33833990773532246
0.6657464784223652
0.3441159359504529
0.32257496240157674
0.3332581998630699
0.3310780470525514
0.3598719695906532
0.3307350469886448
0.33459947539183554
0.3419218489972417
0.3482804444866155
0.3340238353535941
0.3354455780933239
0.3661052793503193
0.3336621523574032
0.327723090275577
0.33900537835643985
0.33929413667703345
0.3359911955315805
0.34188422302422933
0.3330235593942127
0.37343708990298646
0.3342078605507168
0.33073463602585956
0.336522877356002
0.3267919484251841
0.3426100821951488
0.3351896567872272
0.36452147360960385
0.33631482342504315
0.33623823584857093
0.33430374872293184
0.33513770572798723
0.31263477274066587
0.3551655152991868
0.33937739429936187
0.32977285047966554
0.3354127510217891
0.3379129459965554
0.3855847394967091
0.33812669692460234
0.33957614889504606
0.3347150558747866
0.3671563331593184
0.34575267086368133
0.33435422480733107
0.3262732139414112
0.336549324774872
0.3280846213109869
0.3311257930255689
0.6615415025668597
0.3527912585872355
0.6626279009656618
0.3348810733512118
0.3384231125082069
0.3574501505295671
0.33129381453321466
0.31837058692481685
0.33040719166669685
0.36230115778074873
0.32585322902950264
0.33280428599859807
0.373463567693848
0.6627633456033372
0.33400214501282943
0.32504562295145994
0.33173009042677204
0.3303482951530292
0.3328016659213853
0.3272885003096508
0.3395776387087371
0.3384864469095849
0.3340750408099249
0.3375745197791238
0.38272674043087174
0.3355855894725348
0.3562071427916349
0.3349209282817818
0.3345954018064818
0.3358906068662122
0.3690338488042098
0.3490101773455149
0.41431556981416523
0.3915258787246115
0.35591586316966134
0.33597829320719597
0.33170010751909873
0.32721638921254315
0.6593120049509171
0.3752324067029
0.39338649657306646
0.3406359022945165
0.35209291316328534
0.33377779374227845
0.32211488353585166
0.3334389805211967
0.33793929146291124
0.3380447137818573
0.3774160207669285
0.3368220954593704
0.3402808970852186
0.36893253746249677
0.3298046680505279
0.33657580797974646
0.3290360103667323
0.33749246430254376
0.32595267269441175
0.3348574509664501
0.33122971501838433
0.3539285606028149
0.3401794573383555
0.3318511937798768
0.3450941459224186
0.3346686272106198
0.337305357164089
0.33858948449498266
0.34909306014374664
0.37982507671252386
0.33189972419470243
0.337566625464515
0.3339763966505821
0.3185065298378324
0.38659407622136177
0.3647748368549596
0.34350060822894524
0.33362673828321776
0.3345457311163821
0.33657432092374673
0.33949982574692955
0.33721433667021167
0.3286573210794244
0.3334369123327069
0.3340414984396812
0.336082079996068
0.32821074128044075
0.3248770735698257
0.38526758215253903
0.3325622679852741
0.32966437780444385
0.3352529184116837
0.33616441832018806
0.3362541096652711
0.33317209121404795
0.3516905539093173
0.3897762850102629
0.33593316079293445
0.37120078266938616
0.3348474957109985
0.3263809455863832
0.3403693940065043
0.3379100119595736
0.3242233632752717
0.33482994419130974
0.6626059714755025
0.3333531497319563
0.33339705724854074
0.3269750093001618
0.33575323971681525
0.38208288457079814
0.3315349902575584
0.32625072482252654
0.319430749341453
0.33453860889361925
0.32837925439773247
0.39287240972450993
0.6608389760516691
0.3352102566567909
0.3336745308714912
0.3507399896302918
0.33740340603988506
0.3397470841889402
0.33517368349370424
0.3320470935792221
0.34043391488319735
0.33304573681563404
0.3754107933309413
0.3313206234165792
0.3486021338206111
0.3817747254428681
0.3336025585636794
0.32212996242992026
0.3305904019745531
0.331669463367322
0.33728462738769416
0.3188409401809285
0.3381338210306601
0.3395107474505461
0.3428894671971494
0.3378923524277083
0.3315913923540105
0.33781792156484847
0.3377703007453622
0.3345751176659806
0.3432355374628131
0.6608452754445043
0.37964362493423787
0.33723911078867047
0.3379287420599278
0.33327898866463346
0.3370104119064608
0.38304244588137
0.35610048600427613
0.3383192005861026
0.33764520565924655
0.3307034894027976
0.3351987563440936
0.33893222744118356
0.3719080579579384
0.32455252363025566
0.33207441793386555
0.3545325250354582
0.3352473925916825
0.3295121948936388
0.3465796292733526
0.3388251985337878
0.32203675522776587
0.3353480015712734
0.29773287676293814
0.3171644990309801
0.3670900130468809
0.3542582222097131
0.33358405539276753
0.33577445152862734
0.33991002867289244
0.3359630341755227
0.3745186078562808
0.3668196069145016
0.33121458969625467
0.3333007648326313
0.3402926014332029
0.3441269996376527
0.3386204015678723
0.3322518883582046
0.3371147353117782
0.33593810499329874
0.3309456132520189
0.3343439297625504
0.35434803000510945
0.3340538947867782
0.3187264662646962
0.3657426847405641
0.33247162220422993
0.33600952760276365
0.32633771304026027
0.3446312165870917
0.335751164980055
0.33413146103034064
0.3344609961636214
0.3483719154897805
0.3360817149009602
0.3386397980368863
0.3673718565190492
0.3332924469552496
0.3317135381071983
0.33862115088348477
0.6637847642316275
0.33277663625775
0.3381889103830368
0.3321323113390584
0.31791054302088795
0.33781311672701886
0.33593902344917004
0.3356805445338785
0.3181037392244218
0.6621736836326287
0.37033641569114106
0.34047326585603094
0.33373097902560944
0.3613093259398758
0.3531348179509264
0.3379200504487822
0.34086720244858926
0.3380847933537014
0.35200231197910625
0.3336277238758353
0.4050866224320438
0.3336732692564906
0.3299504593854949
0.3375846735602955
0.3295427280083625
0.37246079816408584
0.32823525573354034
0.3388370401473645
0.6626117510774662
0.33727042820548764
0.35408123575408934
0.32963522673743784
0.3320450618841044
0.33857808787510735
0.33066242878184543
0.336813137648362
0.35629103204389795
0.338020241686135
0.33275036538168573
0.3199480226944163
0.3379541419972386
0.3320868908785768
0.3700813582992626
0.3604268093080945
0.33634027564480223
0.32842209078057527
0.37959127743597043
0.32504628497259846
0.33511284245600564
0.32849709313888636
0.36815832058229314
0.3358193913623442
0.3380797822280067
0.371006607863255
0.3530616969457282
0.3307143061667001
0.3351813802871203
0.3258430064906152
0.33833390268569735
0.3320523555036418
0.364548326123107
0.33674973402765523
0.33795442997364183
0.3311301568331619
0.33966334433284223
0.35968367575893523
0.33705993569874715
0.33685471755010266
0.3382780576737774
0.3332965476491939
0.3383143302369296
0.3352323659784243
0.38151305657762735
0.3457204478949328
0.32975468812960423
0.33315170056620536
0.34189543021038865
0.3341445242385777
0.34047685652294823
0.3359176408857054
0.331604931994668
0.35108448936967185
0.35008388875956264
0.3248941656695544
0.33846997945787116
0.3349217000929713
0.3268795975468028
0.3351982253275919
0.33929630451851
0.33413057774381305
0.36785255327448796
0.33620694367471377
0.3793536907519239
0.3349844356012627
0.338967271764103
0.4309437587300095
0.3281746327741965
0.33253112278415975
0.333986306885774
0.33748227311609114
0.33919051466780675
0.33543293756516523
0.3556518341251981
0.4279443266097095
0.3371422418966674
0.3303152692958326
0.3609246092842684
0.3253237132510009
0.35720891343047567
0.3488191633094339
0.3687649411080365
0.32995551445870286
0.3545904100777133
0.3307895537411714
0.33689410029544303
0.3379863658232072
0.32664667641044903
0.4226109344523865
0.33470847741550336
0.3306407822606842
0.3339260111902242
0.3974178138031864
0.3338913632005132
0.338439720655265
0.34346062577158415
0.3274390611245263
0.32637935551949465
0.3330744657724773
0.32020931106914713
0.333975287909741
0.33193257264780773
0.3370479946662599
0.3324700352584909
0.33552940485111
0.33283646515226006
0.3274802645848831
0.33055497285274954
0.33143228627239035
0.399614024594096
0.36973337249271776
0.3218146348601527
0.33553924677578506
0.3878367301314569
0.34284520885595565
0.33738652895625443
0.33711145177161445
0.3717452873829186
0.32787185602990887
0.33189309286787516
0.3358519832452189
0.3374938304611951
0.3297154620436532
0.3364249032398024
0.3379769491257065
0.3548318913138766
0.32407520559838754
0.3521089042618956
0.32160664171053066
0.3325614247905455
0.37521021962088363
0.36716113952371476
0.3617580786355724
0.34001994830656596
0.32782249390143503
0.38429531806470973
0.33005459100422085
0.37775049770595487
0.33650727376262923
0.3358359135616207
0.6578517556920259
0.3384755945869969
0.6598962242774628
0.33769215341896053
0.6613743472579982
0.34520773861248955
0.3834784542529792
0.3345189226091088
0.35682876065817853
0.3357608593944039
0.34798662037217265
0.3307804739795537
0.3370339021436131
0.33141906053828296
0.6615769744844218
0.3522430875021464
0.34531847182959813
0.33522129039528226
0.3386987314226721
0.3344193097741607
0.33118062931746284
0.37532617224794895
0.322634387528793
0.3544674579861062
0.3315165206063917
0.3378237280501215
0.32357204485363233
0.32624333888743656
0.3702071027528175
0.33549323305710144
0.31975467503446486
0.33366220928038753
0.33614786788974316
0.3380810681639458
0.3553498379059095
0.3830789889365256
0.3614196799810852
0.6641270876343188
0.33873533117037813
0.35621317973352856
0.32832270734579905
0.3648128207210879
0.3513351011540371
0.3370199728571885
0.35328672119021437
0.33757767125854404
0.3679086830810342
0.3376241222465959
0.33913594407088415
0.33882839752570343
0.33786741874841153
0.3318457723917358
0.3742682536950091
0.32804736436011195
0.33108111572175225
0.3657543477677238
0.3330044452460816
0.663529723376926
0.3344203323964191
0.33058852791825294
0.33365408061554436
0.35293286292566767
0.33131307247679587
0.32648340802268
0.6632464014241899
0.33060896752693847
0.3289022570213879
0.32909615164475065
0.3359113743777106
0.33379482857314496
0.3400352272026872
0.32916481209409343
0.3303399069499997
0.3290311903492401
0.3377602070922198
0.3519183427065
0.3364312431700497
0.3347089414516143
0.3303331937762156
0.33503402225044604
0.34507967290541114
0.3354977668747315
0.32389255090137864
0.3289282047693334
0.33265670581079265
0.6636004816410436
0.33617066405853063
0.3375020098003462
0.337445586573621
0.34441734391148754
0.3373231540870788
0.3809860274052421
0.3360487767863474
0.3361871512192137
0.3360935640494083
0.33573872209098576
0.3707578720397695
0.3574158366024344
0.333899105852352
0.328390271805849
0.3353679110736213
0.3301959812793401
0.3293637325682774
0.33758556920128135
0.32384415243542825
0.36028118790311153
0.3336604883086171
0.3351946473312723
0.3356539832622148
0.3338529078198236
0.3375163006861599
0.3618176093096967
0.33076160266576343
0.33697370717892133
0.33142605161362854
0.33634648559296576
0.3716866867537188
0.3307592910888882
0.3505845907357329
0.3335389529270888
0.3492733694062831
0.3354064146666419
0.3761721271138087
0.34308054728070725
0.337582449865437
0.32533160895432667
0.3328159166701061
0.32381356173949505
0.3418065291249462
0.3365010058772511
0.3396034654307892
0.3182764458726449
0.35752238012029885
0.6631995886913397
0.33480484687482714
0.32799299053846426
0.3363591407384885
0.3363014453549083
0.3349692453920391
0.3323110567954966
0.3726789881817282
0.3389203814643803
0.4183300713291044
0.3784270905988752
0.3286068758176092
0.3505733738910019
0.343612464941563
0.3320950633745905
0.334918229525693
0.6651972443285188
0.3135270548951237
0.3358983833548072
0.3357434179866101
0.320796705466393
0.6621956237105608
0.33541592565835576
0.3360947103476719
0.3360429583276664
0.3375199723082833
0.33080899369494
0.33350540318301747
0.3289368349208685
0.33313875132426396
0.3360086269061141
0.4128354276417448
0.3286712082712008
0.33553159072005173
0.3332684317372365
0.3401526852747962
0.33427381062725264
0.33555227068316895
0.3297869746857709
0.33708909417432736
0.34734526744354055
0.3316388839633995
0.3221331410671546
0.33720471911303634
0.36043528878897496
0.3789757316267041
0.3263929214570887
0.31976723439782473
0.6642259950341325
0.32111248778502055
0.33605439567768924
0.32006600671959845
0.4043215168306418
0.33809477432080026
0.32952461128460653
0.33572474913516
0.33421758468278023
0.336160551606572
0.35719427563768136
0.3546162071637228
0.3328167465316582
0.32705813145128526
0.36596439190875474
0.3372440215693182
0.3304005441044379
0.6615139639041829
0.3243675724642988
0.33322154665080134
0.3368484401584057
0.33665818271421516
0.38495301022663747
0.33416365726864267
0.3382223050020063
0.33409734920152984
0.3063976123993422
0.33521923820318916
0.32871088528333303
0.36430751061295114
0.3369531707520009
0.3796710778327933
0.33594826973356595
0.34004323124822433
0.3220430083130178
0.3233607953232475
0.33577751259335686
0.3492000775741332
0.3364670196612645
0.34945268526224404
0.3370795012660011
0.3292665087321218
0.35606484645032144
0.32741147417908784
0.3356238874545797
0.3317340400042545
0.33171197127303875
0.33332196904801464
0.3388116414262073
0.3274347444695044
0.3694734173494472
0.6631044421638037
0.3853961371529503
0.33513012986569124
0.33747212950170175
0.3258427049417275
0.35512248783135364
0.3455893431673371
0.3337097115267261
0.3360071108152515
0.35258137499324604
0.33498462462796563
0.3324708262417889
0.3368530856112074
0.33754165816521237
0.3352094332106225
0.3361116316069275
0.33406505856070273
0.3331554576319273
0.33597544937883383
0.35273195461412593
0.3215026258572234
0.3266428479699332
0.6622360488287858
0.33051193511160704
0.32823081183722663
0.3343750532864457
0.3319747938237216
0.3693489563122971
0.3336047495818437
0.3246855789955551
0.3455418171132889
0.3332632171967129
0.32357947157131534
0.6624769543836193
0.34927806796651406
0.3766612522822465
0.33265612097781916
0.33673548871658626
0.33786097915033036
0.33162841158785006
0.33648075847490383
0.3317154816980102
0.3329448150149234
0.6635418315567534
0.33718718358458466
0.34921200515324496
0.3247834776100949
0.33703650287251247
0.33770778427441667
0.33755322157105866
0.3919267264818613
0.32916112524019375
0.3325880736070946
0.3378893042653344
0.3772284251466357
0.3383676947370675
0.33115591624479823
0.3353000210491539
0.3567493007919827
0.34817990965337403
0.33473301448333703
0.3428298832038724
0.6617411901395321
0.3787334434265295
0.6667183417332666
0.3337233664999933
0.3299737470131543
0.33211881351139716
0.3233975445676511
0.34933009809122273
0.33506630074299343
0.3417595289441172
0.3266380671234139
0.3663112433812523
0.3328957803332872
0.3356279416634697
0.3364367154599967
0.33011677653539395
0.3345091113725424
0.33005623449170435
0.33925966607995667
0.6630915256702924
0.3554941106612081
0.3387703371926537
0.3329928967704043
0.35023142286947395
0.33576758085198255
0.3173989944269608
0.3583163151091473
0.33007927561315553
0.3446506539154913
0.3299246079972444
0.347776182635593
0.3603026904562392
0.33040544467386773
0.37469610889069566
0.3074364031021099
0.36674212277696816
0.3449675904566026
0.3342188733402072
0.3602531133088159
0.33069647419037346
0.33675388180588156
0.33592132304505495
0.33884715639184687
0.33665176229634886
0.334816832995162
0.3372973169689143
0.38728582472809253
0.3367183677028804
0.33167909762196757
0.47629187293816855
0.3335407088483173
0.3364953171218389
0.34805121379406617
0.3336238169453859
0.334817300225344
0.37184920757778706
0.34561250867649135
0.33535209167802543
0.3342943644906719
0.338441680472991
0.31782373314652024
0.358421523854895
0.3303507604034452
0.33505848675486327
0.3387313318598928
0.3344078020990297
0.3202640422955758
0.3315429208192565
0.33140946962544876
0.3302223217649156
0.33186800379062825
0.33851692955542473
0.33447413519452796
0.3830282755035884
0.33574162458206624
0.32151393651397725
0.3317746671475778
0.32081048755097724
0.33631197618366776
0.6636571668447917
0.33322252482272685
0.34363161745766374
0.33787177857980333
0.33514226392726343
0.34837324839545186
0.3758599148953134
0.3367504031468884
0.33713117016084554
0.33418691180929483
0.33043242311703747
0.33714169229170393
0.34050854516591733
0.3268895180029978
0.3579420319856927
0.35061040718670455
0.3363014937703744
0.3378865464506832
0.3811971760433634
0.32500356609409653
0.6630104512637693
0.36401018499949345
0.33257812302227574
0.323796473397875
0.3392425483606673
0.32910153761061955
0.32793412500290986
0.43092046256592853
0.3369885955085938
0.33451357060303916
0.33336619545058144
0.3249463066230042
0.6651413743817588
0.37468640566115097
0.33898754361029304
0.33087938308062215
0.3865351663612808
0.33521676483313706
0.3340989241089268
0.3832175929243351
0.3231856480558318
0.3383314009849921
0.3388668234069211
0.3291626274301024
0.34201789619366546
0.6647183802012515
0.6618838000767712
0.33797470632818727
0.32749782838522457
0.3652278218465938
0.32982163692641053
0.32927745267943015
0.34783716264873193
0.6592167606667821
0.3193782719028801
0.3329501202243622
0.33387288988167185
0.3303792155208329
0.33377707117017585
0.3381110564479775
0.6607601306055692
0.3272898141948494
0.3364053411062272
0.34597986104129586
0.3335359304402045
0.35832216079196555
0.31707388765538974
0.3322035406547238
0.33836887855870484
0.35977062491614964
0.3677810948959192
0.3262621816823708
0.349680336759336
0.31730207455927284
0.33302485466650067
0.32588112017253346
0.3359865548405547
0.3527077831961336
0.3353016338230715
0.33739481785343794
0.33517277283269503
0.3319569131924353
0.3514299661623753
0.6620826020006237
0.3388730838154357
0.3320138286616288
0.3344624118947115
0.33484985157160313
0.3836253057233506
0.3355443362999859
0.33640231931865433
0.332294798875305
0.3342753656463544
0.3200298049740646
0.32797248431331516
0.3331991437272576
0.34114876568868646
0.3494770850888291
0.32781479508721884
0.35684715293455044
0.3380009585432893
0.3366792671286444
0.3513587995392315
0.3347403810346421
0.3364706695311208
0.3348757341200226
0.33424510901834353
0.6630584516049219
0.6651049731542715
0.3828701925614262
0.3935103218998599
0.3621028333476713
0.3334002674955626
0.33561043523787176
0.33174585694932107
0.3365013153348049
0.3287081145985552
0.3400764807828168
0.33967832902575745
0.3366939463920321
